1091 43
2158 16
576 24
177 37
354 54
2632 14
235 40
917 37
3328 6
357 12
1489 15
3288 34
2601 44
708 13
1873 44
3449 12
3976 39
3892 47
3473 31
2892 42
635 37
1937 63
1413 45
1172 35
447 28
3225 30
2768 37
1786 46
1875 36
2123 30
3890 33
2850 7
3679 35
2789 1
574 19
2792 22
2237 6
2397 46
2465 22
2903 25
3460 4
2615 54
1823 32
2410 35
296 51
2200 60
1312 54
3970 0
2967 30
3607 56
1868 8
2740 6
558 53
2931 43
3708 60
1402 4
2336 8
198 8
2259 45
3392 25
3218 47
2396 44
380 48
587 43
3826 57
4044 33
2058 10
1495 63
2285 2
1128 30
3774 51
1876 54
3690 61
948 24
2547 13
466 54
1842 4
2328 46
3297 17
2372 49
66 1
1497 48
3296 40
1328 15
2357 60
1564 40
2679 2
2096 18
3647 10
1459 44
349 59
999 23
2755 47
685 28
3709 16
773 11
3379 9
496 12
1192 19
722 12
1476 46
480 3
3403 9
1335 59
3651 35
3493 5
2983 59
3101 15
2098 58
1247 25
481 4
3750 63
425 50
470 21
2551 52
54 35
3789 33
196 28
569 53
2751 10
2726 12
619 35
3753 41
2005 12
1537 26
658 25
35 39
426 0
2920 33
419 53
3937 1
186 8
2338 37
1006 1
2638 23
1103 40
2994 50
3712 18
4059 32
1176 10
990 6
2542 10
2841 24
2835 58
3191 35
3554 51
3186 24
666 49
197 56
2114 10
3680 0
3711 30
1475 7
1779 15
489 27
2019 58
2050 45
1683 18
1890 41
3521 43
3994 11
2953 31
372 46
3803 48
1480 28
3039 41
3662 53
1367 16
1415 53
1931 50
1603 18
752 27
3811 39
2211 9
119 41
1256 44
479 23
301 56
3978 45
2753 21
3814 56
337 28
952 55
2143 57
1676 61
550 24
2106 31
1252 27
2359 45
1407 21
1119 42
1943 28
2955 5
87 22
3942 34
2049 44
2361 35
2512 40
2122 2
1785 20
2299 51
1100 53
763 7
2145 37
3868 19
434 15
3114 49
150 17
3140 44
1441 43
2294 21
3365 59
2747 53
2229 26
1745 11
3828 25
2112 31
335 40
3829 48
3416 26
3194 52
760 12
3358 49
1757 51
1771 4
531 47
1318 61
3342 27
1287 54
602 6
2416 41
123 60
669 40
1322 61
772 11
3216 47
427 46
3012 32
1672 33
336 57
8 47
825 16
2287 62
378 22
972 3
3492 63
3723 30
2626 27
1794 10
1482 39
2757 30
670 25
1896 22
377 53
221 35
665 56
3450 53
3475 6
1624 34
1231 21
1882 14
1860 3
3285 26
3726 5
3026 56
1463 31
1731 31
3199 48
3422 32
1201 56
1203 31
2242 50
630 45
2896 45
585 11
1349 14
856 59
2992 60
2630 6
1152 59
2218 57
2417 43
802 26
1775 23
1036 28
61 21
2724 0
3062 9
1028 29
1049 25
2181 57
4084 56
1183 13
1708 42
3187 2
2854 31
3862 10
1061 6
3849 51
3121 12
697 44
2499 18
1300 43
1921 25
3269 55
3204 10
125 5
127 9
2028 60
3966 2
1631 44
2233 6
1900 18
3078 48
3550 42
1792 33
3820 50
3797 53
2944 55
17 52
924 38
3919 10
872 14
3469 48
1297 47
0 37
315 16
2067 16
3674 49
3631 50
758 41
3863 4
3922 30
775 26
2799 21
2437 9
2230 42
113 9
968 58
2771 8
3252 39
639 20
659 9
1455 60
1824 40
2840 31
954 17
2668 3
3661 24
2995 57
1958 11
3620 18
2034 30
2064 41
3410 4
2567 36
2428 17
612 18
1355 31
1575 55
445 47
166 48
3509 44
683 9
1486 11
926 31
416 31
375 4
652 8
3788 51
3294 33
1867 33
3337 49
3988 4
439 26
3589 61
3623 48
811 12
3518 8
3667 53
2220 41
835 63
13 6
3130 34
27 9
2851 45
2414 48
3036 32
3511 40
3245 29
25 1
3027 40
1400 27
3491 18
1177 59
3761 30
146 50
2479 2
2765 15
599 43
687 43
899 47
618 14
2522 25
841 12
2583 49
2227 52
2441 52
1242 15
1403 27
628 52
2048 60
1520 36
1986 39
2935 49
2631 22
1332 43
3082 39
692 55
2627 7
3307 49
227 39
4078 15
4014 27
62 29
350 63
3452 28
2351 18
3099 18
1844 14
2322 35
363 54
1236 53
3283 31
3138 15
730 1
3801 49
2004 58
2898 21
3004 23
790 36
1087 0
3228 7
2696 35
102 26
2273 56
3704 55
3887 25
271 26
3639 21
2895 60
2301 6
885 60
3070 32
3246 6
147 53
1807 24
3866 57
3266 26
69 50
1261 35
2693 37
3640 7
2454 37
3183 3
3733 27
4080 8
2978 42
2352 15
1959 37
3485 9
3053 3
3364 15
2115 42
2532 53
2409 61
1737 57
4087 17
106 6
930 4
2 25
229 50
2802 51
808 56
1377 20
984 2
3617 32
622 31
2772 35
997 1
3612 1
1804 60
3033 42
2889 44
1150 7
1239 62
1346 35
4094 25
1607 24
2492 49
2819 32
2347 15
3741 22
3533 56
597 5
1170 9
1016 23
3546 1
3459 56
4072 37
1302 30
2260 21
3299 7
2456 16
5 37
2905 12
3856 24
727 42
1944 21
1692 17
3032 40
2570 15
2157 38
2384 31
1780 58
4027 12
1041 37
3380 15
3413 55
557 51
2412 14
1015 26
987 47
3548 45
3348 30
3944 46
3231 54
1598 50
1008 7
3537 26
2628 16
408 4
993 35
881 46
3939 35
3058 60
3436 54
2288 8
215 24
422 6
3320 12
3370 12
1031 38
3030 22
3433 36
737 13
3637 16
1660 52
3593 6
299 29
1450 14
1522 23
2458 41
1040 42
2825 14
1608 32
2800 2
2730 10
2093 53
3471 56
2734 35
2578 15
3391 11
1289 55
1144 14
1025 4
2513 43
3127 4
3739 15
1808 32
1821 61
1795 8
1592 51
2723 22
1591 11
2421 17
3940 9
3321 6
1467 54
1942 53
1221 9
3905 9
2552 28
3867 51
1609 0
2130 11
2952 10
556 26
253 24
1513 58
1836 30
1588 9
1917 38
3870 18
831 9
2579 48
1307 31
1048 57
396 58
789 9
779 1
1993 48
3535 3
1209 11
547 48
3057 6
877 62
1646 40
1960 48
2959 31
1679 18
1935 50
2371 56
2505 10
2657 8
2948 45
2504 61
3368 58
3151 56
64 4
1483 55
884 23
384 12
2980 58
180 62
327 49
871 44
137 0
2813 53
2584 13
764 39
1166 34
1623 5
1678 63
1923 4
3457 23
4055 24
1098 47
2244 13
2506 24
2027 42
1154 15
1812 11
2882 40
2538 35
4022 31
2942 62
1848 55
1306 49
3985 56
2467 23
3167 9
1963 17
2534 32
244 23
689 34
404 20
944 24
940 47
3278 29
2904 38
3563 55
1968 51
3235 9
214 2
1565 53
3833 49
728 21
1843 20
379 37
461 49
657 20
2042 56
2188 47
268 21
2859 22
1734 22
1181 29
1473 45
478 36
2648 54
3526 40
661 20
1234 33
749 22
1283 3
837 40
96 24
65 31
1082 20
2068 40
796 30
376 31
138 17
3956 21
3301 20
465 35
809 50
1549 22
285 8
75 61
2686 60
2484 34
2168 33
511 45
1696 48
3882 8
1045 29
678 38
3928 38
281 4
3148 7
52 40
2540 30
1381 21
726 12
791 27
629 36
1044 55
1075 58
3859 21
1628 55
533 44
3714 30
914 42
2036 35
2828 33
2618 15
2493 25
3819 35
2596 0
3980 14
3300 19
2274 8
1502 1
3044 29
3766 61
1453 49
1554 26
2937 62
757 21
1542 15
563 34
2606 47
20 18
696 32
3067 17
1830 63
2407 58
1970 19
832 33
922 1
2554 12
3175 59
2318 6
2703 52
3792 20
3955 42
3524 42
2040 34
1736 57
3094 6
3841 35
1068 57
136 19
450 19
3738 39
1151 5
1820 6
157 23
859 6
3827 1
3248 16
913 46
2556 19
3756 9
1805 20
736 2
132 5
2276 47
3710 30
103 48
1991 44
1987 47
3494 0
2890 28
2295 9
770 30
346 50
1858 42
3394 13
16 22
3560 6
2191 14
2072 47
3239 2
1448 62
507 59
3672 11
1114 4
1618 53
827 9
3909 52
891 51
945 20
1571 19
1410 37
1299 33
1506 17
2402 61
2286 10
3182 61
319 13
95 31
3636 42
289 23
3376 14
537 40
464 53
3873 19
3431 0
564 42
2350 53
2129 14
3087 5
303 44
632 0
2718 26
1928 22
2491 63
2152 63
2752 36
1765 29
3578 32
1758 46
4042 3
4073 30
2254 19
3691 27
3861 35
3382 61
2475 5
3941 9
1093 45
1474 5
1397 18
2945 42
3282 59
2572 27
3895 8
1587 0
3906 63
1360 25
3983 0
3549 45
1889 28
1703 40
1887 32
527 15
3609 49
41 6
4050 49
2084 20
1338 57
3318 19
2964 22
29 27
143 6
921 54
1094 8
144 49
2156 53
2993 10
1667 39
310 48
2639 25
366 19
1109 33
1533 18
709 51
3212 1
2228 3
551 27
539 63
168 52
3551 53
302 58
3727 10
2127 36
2171 16
1912 57
3767 41
3722 12
518 21
1581 4
104 42
234 2
88 59
3242 52
888 53
1131 0
3934 35
3270 33
47 14
4063 17
1390 48
792 62
1101 37
1965 0
1092 1
1744 16
583 22
1715 51
2553 14
1141 57
1773 6
973 56
4000 61
2702 57
2215 45
694 23
644 48
2671 59
2199 56
586 27
2153 24
1438 0
3102 31
2264 3
482 57
668 17
601 6
2564 36
743 21
1922 52
611 36
3055 51
2933 36
1319 29
1643 31
2777 52
3604 24
3798 36
3993 3
890 11
1271 14
1956 7
1610 49
264 4
1275 29
216 26
51 50
2124 5
2687 25
3772 56
2066 48
397 48
3153 59
4092 34
3513 12
12 41
2927 10
3446 56
3180 48
3987 6
2737 51
2863 13
2725 13
996 32
1583 27
1433 38
3291 30
3326 37
1462 36
1273 54
1069 9
1742 39
1494 28
1594 26
2613 42
184 7
3783 26
2539 33
2364 40
1457 55
2164 38
2110 27
2801 18
3771 25
2947 24
2272 47
3349 48
370 13
3633 3
3962 10
3179 31
1249 53
142 23
3169 29
2759 15
3051 56
3155 60
1043 33
2623 46
3498 44
1127 22
3123 47
1997 29
2444 10
865 5
2344 15
1577 19
663 14
2436 24
3592 23
958 43
3982 57
2932 22
2149 6
2481 60
660 48
2852 1
3280 56
4069 7
2368 20
1941 52
1145 24
2406 12
2029 37
3901 1
1023 19
3903 42
452 7
826 1
58 13
1414 36
1846 43
3260 16
2502 35
1851 12
1778 28
1086 28
2973 50
2090 55
2960 18
3570 35
4070 57
1695 23
1849 58
2500 4
3013 31
3848 2
1481 49
3883 49
3894 25
3823 5
3904 43
3839 32
191 44
1054 37
713 26
1385 54
114 2
3835 15
2516 25
1580 48
458 32
1827 2
1880 52
1396 63
994 13
1774 27
1772 44
2981 48
1437 9
2007 24
3345 61
1037 35
739 36
3034 29
2262 38
1558 50
2971 26
1888 45
1153 45
237 58
916 59
100 43
2339 35
305 5
2103 43
4061 35
1047 54
2521 14
961 28
723 11
1751 56
1862 39
2652 63
23 17
2798 24
3315 51
3384 36
2324 33
2868 10
3622 0
2238 53
2518 49
339 62
1857 37
822 13
2059 19
1567 29
2816 49
3891 35
2549 47
616 45
394 5
159 50
1835 35
1560 46
1052 37
1981 8
3586 26
1132 36
3914 49
2548 49
1308 7
240 34
820 53
3054 24
1648 3
3334 5
1193 21
2258 46
3781 51
275 24
76 20
847 51
1651 5
3227 32
3616 45
2176 28
555 27
2999 44
2469 58
755 38
3014 34
3699 14
1895 16
178 28
2664 20
3184 6
4081 10
3371 19
3080 29
411 21
203 46
540 1
3582 41
3047 15
2269 56
785 18
858 32
3692 31
287 53
3635 10
3845 27
3547 5
3373 19
2300 15
3759 38
306 49
3716 6
1350 18
1939 19
3090 4
2452 25
1949 8
1957 12
297 3
2161 36
2629 31
3378 8
1212 52
2984 7
3476 60
793 46
848 7
1395 46
2133 13
855 52
838 19
516 22
2144 6
1304 1
2749 40
1404 53
3344 40
2277 2
1863 58
3770 13
2231 30
3858 53
430 42
1719 31
960 40
3372 53
2082 38
2866 23
3649 20
939 42
1225 10
2462 17
74 18
3203 13
2617 54
2515 36
7 34
463 55
2302 53
211 46
183 26
1411 44
1908 24
2039 54
3329 46
3125 53
2447 8
1434 56
2650 46
3079 40
3298 3
2488 53
2471 16
21 55
2109 30
2883 9
986 4
1105 38
477 42
3912 26
544 7
2197 34
1032 59
2717 55
1978 56
2427 21
1677 10
217 41
3763 62
3899 16
3877 23
653 9
2473 8
1136 3
2239 56
1014 63
3745 12
2081 28
732 44
3952 3
2315 31
2770 48
1232 3
2329 16
3481 10
443 18
2304 21
2972 54
2306 33
3037 41
1406 45
3144 26
698 63
3842 51
2391 34
1688 40
3963 29
1505 15
2365 1
2431 13
3253 22
3338 62
2046 33
3737 8
3135 1
3816 38
2154 44
795 29
181 60
3730 13
2968 53
1281 32
3190 58
1362 37
358 9
2202 57
2582 15
1901 8
256 40
514 63
2316 18
2463 46
1837 39
431 10
1000 41
3409 1
141 44
1822 40
1630 37
543 11
1781 56
509 39
3023 56
3991 38
2979 10
3579 2
3504 8
2991 18
731 34
686 42
2962 58
238 18
1855 11
3002 50
3043 32
3645 21
3356 46
2420 57
2929 7
2243 13
2380 1
2921 56
1219 0
3400 4
3876 20
3885 59
2784 9
910 12
4030 6
321 49
3678 28
598 62
956 57
2216 13
992 40
2961 49
2682 43
721 63
122 20
3284 30
4011 5
1693 39
121 25
3779 50
3853 59
2198 10
362 25
369 22
382 23
2030 28
548 1
3019 40
840 44
2938 62
1761 8
2543 62
724 15
3525 18
1777 41
2411 55
1700 7
774 26
3728 20
3948 20
3386 43
3461 2
2908 2
1323 38
195 10
63 2
405 21
2113 1
3969 57
3081 62
2812 60
2783 36
1752 37
2705 47
3419 58
3006 37
2291 54
435 27
1649 23
1077 51
4041 43
2508 11
2875 29
3375 31
2970 42
4049 13
1561 8
109 4
3624 14
1721 8
2247 40
915 38
1472 59
3390 1
3574 49
2024 39
2797 30
2844 6
2742 17
3387 23
1904 38
1264 11
3046 24
1711 50
3103 21
1371 9
646 62
873 16
1884 3
3324 34
2172 61
2403 35
718 7
1106 27
1933 57
3383 14
3930 55
34 56
1701 36
3230 48
1552 54
133 13
1317 43
800 57
210 55
2774 1
2587 13
3020 52
738 19
3990 14
851 48
2919 55
892 5
756 25
1004 52
1262 21
1501 56
1674 25
2292 3
1573 18
2219 42
3312 0
117 62
577 20
1140 9
2714 9
169 17
2192 42
2788 62
204 1
560 17
1200 1
3414 60
2805 10
3654 46
3731 62
2257 14
2829 46
3618 46
1852 40
401 48
3289 44
3189 17
1664 50
2595 28
3008 46
1011 38
1079 0
1641 33
1619 23
2503 33
400 42
2986 52
605 21
2634 58
2248 0
506 13
353 45
2006 49
607 31
1379 40
503 40
3555 30
1526 13
3840 21
715 1
1478 43
3443 51
1117 14
3200 56
3721 23
2232 31
295 56
2597 38
747 17
1670 54
1553 16
1422 60
3596 31
1220 8
2340 50
3595 39
167 35
2383 23
3821 13
3543 24
2581 30
3113 10
3523 47
3049 54
1120 63
2697 13
3071 51
2767 17
3133 22
1207 22
1227 62
3440 33
1064 59
3496 7
4071 45
741 34
2311 39
1211 52
164 13
4082 57
2159 20
2520 24
2389 2
3615 9
1295 33
145 28
2600 56
2069 28
1675 39
490 15
2026 6
1316 1
1291 13
2204 53
1194 51
2476 24
1586 48
2590 7
592 43
1866 1
1013 59
688 26
1727 57
1222 49
1460 36
1147 63
3173 52
2732 38
3960 60
3120 1
3836 38
2672 20
970 11
236 58
2480 49
300 0
414 61
2604 50
991 11
1180 62
1915 22
2327 55
2404 58
1523 0
3139 5
3091 33
854 13
2915 34
672 26
1298 56
963 15
3889 10
155 37
3362 24
446 33
1733 41
395 30
1625 27
1512 56
1215 41
638 14
3818 55
650 29
861 16
3423 60
3142 50
2653 42
3118 44
3911 1
3796 52
3261 34
3512 14
1081 60
834 5
927 52
3965 59
2781 58
981 42
3201 21
3591 35
2426 49
3223 40
3202 61
863 26
1315 58
2862 40
3213 42
805 14
1874 57
365 62
417 32
3653 9
4051 29
3185 43
1661 16
3884 42
2341 32
2698 35
3196 36
1989 8
3045 13
1134 60
4085 22
111 18
3936 24
1380 21
959 2
2989 54
3072 18
1817 8
4024 12
2162 6
3339 20
2076 15
1818 49
512 27
1169 2
942 63
81 52
2337 40
3628 16
667 36
4037 26
192 55
636 23
3177 49
2720 4
3221 37
2641 45
90 23
2559 4
3250 56
11 21
292 43
1309 55
2577 43
451 12
818 59
2167 46
1408 6
4064 48
200 28
2013 51
500 7
46 42
3265 45
3847 13
3559 62
257 4
1568 48
403 43
1354 7
1373 4
1442 46
2472 62
2821 26
3347 38
3208 51
1802 19
1813 59
3594 24
1740 26
3777 56
2645 22
309 4
519 53
3404 46
1265 37
3001 48
3881 7
1767 26
1293 59
1038 11
2057 18
1735 27
2669 58
3168 36
1954 17
3900 30
1216 55
201 40
4032 56
1259 35
1878 50
2585 51
230 32
3075 58
1445 28
3258 7
1237 18
3918 34
575 44
3694 19
4045 14
3715 57
2146 15
4031 41
3768 18
2296 54
194 45
1642 8
1359 61
2065 45
4028 25
2151 11
1204 17
389 6
1223 0
508 44
4054 57
402 53
2104 1
1550 56
4017 6
460 5
2700 42
1334 6
1519 7
3675 45
9 31
3470 48
3584 29
1083 18
2363 35
978 18
3276 63
762 37
2642 31
735 20
412 9
844 56
3435 19
1278 0
185 46
3583 9
4005 31
754 26
3658 7
679 30
1840 23
3442 19
1712 6
2497 41
2928 24
2877 10
561 4
823 13
2052 37
606 25
2395 2
456 0
2155 30
2032 23
2643 6
2535 18
2038 61
3022 53
3588 31
1269 35
3424 58
1760 44
1650 44
2175 13
1662 43
355 5
1579 2
2656 28
3149 35
1500 44
1135 31
1952 34
205 20
3896 21
3154 25
318 35
1685 31
3613 39
1689 21
3748 40
2422 35
2958 41
454 59
341 33
932 16
3920 41
1669 54
2888 44
2185 29
3466 30
1348 15
1240 43
3305 26
3666 10
1534 25
1984 14
4019 54
3412 22
270 27
3522 50
3474 33
3035 59
682 14
1498 2
247 58
1613 46
1924 24
2658 5
2012 21
3331 9
2914 33
3610 46
918 39
3207 33
2848 25
1605 43
1398 57
950 9
2569 16
2916 27
1033 15
857 43
1108 54
1085 44
2033 49
1493 58
4008 28
152 11
2326 29
572 4
2832 31
1555 52
3505 30
989 8
2313 44
1927 55
1102 62
1056 37
3832 8
3665 10
1925 16
554 39
946 29
2531 56
44 26
2208 50
4040 11
3541 35
866 63
3846 56
2358 24
3417 6
513 23
38 32
2519 16
1508 2
3516 27
2413 49
3601 22
699 13
2102 55
4036 42
2536 51
2314 36
3619 59
347 17
624 31
1698 15
277 59
1159 37
1363 33
1666 18
3405 30
2356 47
385 12
799 53
49 31
3454 56
3467 54
2234 42
1435 13
1110 15
3193 44
3670 52
2592 34
2445 57
1652 51
2897 38
3150 15
2063 10
1681 53
2442 61
1469 11
1270 10
1953 8
1375 1
2885 49
2390 12
3946 53
3357 6
1511 47
845 43
1516 10
1977 2
2511 51
2041 24
2826 10
3385 63
3843 37
1916 23
1060 1
1826 24
3333 11
89 38
3888 51
1490 23
444 17
3477 17
1465 31
2348 58
329 36
1179 51
1724 41
980 3
3111 43
218 8
2766 12
1606 50
2791 16
2860 27
1251 60
1095 22
2020 32
862 7
1088 1
3989 32
3157 15
2680 22
707 34
2044 44
3438 4
2867 2
3220 60
2739 30
2738 44
4004 46
1784 58
3902 38
2193 7
2806 51
3668 35
1754 56
2249 8
3314 46
3590 40
1617 54
949 41
975 7
3807 45
2523 19
625 39
1347 7
1294 61
3306 16
162 3
3687 45
869 7
3585 40
2951 46
2217 1
331 1
565 58
3464 50
1559 58
246 38
609 37
2640 45
3539 60
3089 61
2014 55
589 39
641 32
684 13
3765 16
1156 46
110 44
4053 21
1635 56
390 63
1386 37
3188 30
2731 5
2333 13
2602 59
3519 11
3729 52
371 55
623 34
1235 2
2736 1
1972 59
1809 16
3663 20
3700 58
1124 30
3532 32
3015 63
2107 56
2517 5
2930 7
2165 56
3486 14
4052 58
283 23
2369 37
3110 22
222 23
3418 17
2330 15
3621 25
344 11
1684 24
3520 41
471 61
3698 10
2236 31
182 37
1528 21
2527 58
2321 37
2461 22
1202 46
2612 53
1934 36
1142 24
849 27
1186 20
2346 50
423 9
1869 48
907 48
2366 31
1205 27
2487 16
889 19
642 58
43 22
1602 62
604 37
748 43
4026 16
1829 25
313 11
744 57
1527 42
3804 46
2132 62
3921 18
880 8
2180 4
2562 22
1897 5
2550 18
3073 37
936 40
654 33
1492 62
3134 56
83 23
2985 11
2804 4
231 59
836 9
725 4
3463 50
1638 17
3353 7
3950 51
532 42
2394 21
3949 46
3059 17
1451 7
3415 47
1333 56
673 44
3834 63
388 35
3671 29
1985 14
3959 61
3271 13
2775 15
1746 17
3996 61
4086 56
2794 63
2913 18
208 0
3945 61
1885 43
2786 55
2568 25
282 59
2839 1
3527 60
3316 36
3907 27
3277 23
1709 0
4009 49
2976 21
3764 37
977 31
3437 24
3732 46
1815 32
2745 39
262 41
161 53
693 55
1447 33
1189 17
974 22
3209 51
3556 63
1063 37
2439 19
1658 43
2886 43
1856 40
2598 58
2474 15
2699 26
929 1
807 47
3197 62
1634 31
1831 36
1691 38
1376 45
15 37
2924 57
2881 3
2267 21
962 49
4016 14
254 25
3268 41
4020 53
2263 31
492 29
1769 7
1919 45
2147 39
1130 18
3957 20
3317 28
2360 19
3172 36
2212 57
3237 25
98 50
3355 15
1950 20
1343 49
2017 8
3108 44
82 32
2137 63
3064 15
455 63
600 10
3752 6
1424 37
2941 22
3695 47
92 55
3984 11
1936 2
1717 30
413 7
504 42
1329 27
2373 52
2849 61
3630 8
1899 8
3515 17
1732 32
591 33
3374 52
3794 54
2392 39
1112 3
3010 20
1574 13
2284 35
1850 30
1536 12
4046 16
3255 25
3947 27
374 34
2015 30
1789 8
209 3
3083 52
1195 43
1039 33
3795 51
3837 25
241 37
2135 40
578 39
2189 15
3935 59
2925 20
1137 54
320 47
729 41
769 53
552 17
2021 58
2741 37
2446 44
308 11
2833 11
745 27
2842 53
3743 58
2787 19
2077 48
4083 14
2695 36
3097 0
3088 15
2884 26
2293 37
875 38
267 48
1007 4
2009 44
1074 59
777 52
1975 59
2659 13
77 3
3340 12
1653 54
829 39
1452 48
473 24
2827 51
985 15
2873 19
2331 56
3406 9
1426 27
225 35
815 29
2906 61
3573 32
2424 20
2434 58
1389 55
1417 19
1324 47
524 22
415 34
3611 38
1458 50
3703 15
3684 37
934 33
2035 12
1816 31
1879 19
3031 59
1241 55
1078 1
3003 18
645 14
1530 46
3128 46
2614 53
640 48
2926 36
2588 54
163 43
3240 44
690 8
1344 56
782 35
160 48
1990 40
1673 49
1720 13
2878 11
2278 43
2142 27
1891 40
3776 33
2083 60
2056 20
39 3
3648 0
232 51
3697 51
2085 17
3361 4
870 33
3105 48
1962 26
1164 13
3780 0
2661 34
3327 61
317 43
71 11
2975 51
1782 1
1444 44
1163 56
326 15
2509 56
3488 37
614 7
806 2
911 10
202 36
2141 40
2240 31
2963 34
3343 17
324 52
1518 30
833 56
1146 42
2450 43
2477 7
594 61
3247 57
1051 59
1461 55
1115 7
3782 62
3844 61
2526 15
207 55
2900 9
2001 14
3346 37
3850 57
1898 6
1305 20
3815 43
4013 46
1702 54
3696 29
3478 59
245 9
3754 34
1160 23
1107 52
1477 53
226 29
1288 54
1632 56
2782 25
6 38
3325 11
2610 18
919 61
1405 17
1585 7
1185 26
2037 30
501 50
2312 30
2423 24
2207 12
2946 52
428 59
1084 16
714 1
24 59
3395 14
3041 1
883 46
3214 60
3042 24
175 25
3825 54
449 36
3872 44
3558 6
1503 35
1994 61
1454 24
3116 36
1655 39
3632 21
3124 22
135 16
4006 59
2633 24
1066 38
2778 29
3577 54
794 23
3211 13
2909 52
3219 6
105 43
2525 48
925 27
1320 42
2845 18
1730 29
1615 2
2681 42
2785 46
1024 3
1729 36
3954 54
979 21
189 52
356 41
2558 32
1072 28
2415 12
1920 21
3646 31
1310 10
2073 29
243 18
4076 43
1576 41
797 4
2760 9
3808 43
3107 42
3272 43
1071 31
1479 6
1263 48
259 53
2241 60
457 22
269 17
1995 4
1280 54
4018 3
3659 42
905 51
3029 8
274 62
187 21
1214 40
381 48
328 39
1854 29
3441 11
311 51
3233 5
1870 46
733 58
93 2
1595 55
3480 34
1005 40
1356 28
3557 61
3784 47
4060 36
1430 6
1276 27
2345 54
3534 59
712 43
2354 6
4 8
1076 9
3606 21
4035 43
4043 29
1217 8
3098 49
3677 9
900 18
3720 35
323 56
2956 61
2510 15
3981 33
4029 26
3287 33
2727 20
1266 30
1544 31
3397 41
3065 39
912 39
393 29
643 35
2138 44
1980 47
4038 37
3860 20
2744 32
2943 28
3724 35
943 6
3641 35
1162 33
3229 41
4056 53
1244 54
2091 29
1865 32
3973 25
2074 30
1378 4
2815 4
1999 47
2255 63
1756 5
3499 5
3802 23
1121 2
1886 61
1853 34
1911 59
803 1
2303 36
2222 7
307 61
1484 48
2998 53
3769 2
1601 0
1859 13
485 54
2678 18
2099 59
3979 7
995 22
955 45
4066 52
134 35
3830 9
1099 45
2982 43
3267 41
3961 63
1423 8
129 42
1168 47
3323 5
2646 3
3011 9
816 58
4039 0
1682 4
2376 19
1387 62
2282 32
2811 36
2939 1
3215 5
97 29
1019 20
2051 38
1368 37
2608 57
1892 35
1125 30
3304 47
2120 20
2684 34
817 58
4003 32
2879 36
1750 50
549 63
2265 45
1699 34
1184 11
2252 51
2111 28
2169 41
1947 20
3061 14
1668 1
486 12
80 21
2062 14
2088 55
570 42
3421 13
1832 15
2002 22
2079 20
172 21
1171 4
2095 12
3542 50
399 0
1671 7
1149 17
3319 58
843 32
165 7
115 38
1290 50
468 29
53 11
1065 4
1001 55
188 30
1487 2
2184 35
462 61
2706 60
1893 0
1604 50
1057 27
502 44
2574 13
787 3
2451 16
1521 26
1797 31
173 10
2190 8
3566 27
1596 46
717 62
1582 33
3744 14
72 55
1620 15
860 57
662 40
2377 5
86 28
2362 20
553 11
1725 62
3243 45
2603 56
2580 51
1248 43
2320 0
1243 26
562 6
1799 48
2507 54
2586 0
3910 49
1514 28
3871 28
3310 8
528 13
3311 37
2018 21
1392 3
3161 58
2533 1
3926 5
3249 39
2443 21
3447 27
3158 36
702 12
491 45
546 46
3147 22
1399 43
3968 8
3800 38
348 33
680 31
3705 12
1529 1
1358 41
3751 16
2379 56
1656 35
3791 28
448 22
1713 48
1515 56
1572 29
3007 62
2621 22
3824 32
3576 2
1370 57
1847 18
2418 48
2620 50
3806 32
28 61
1090 18
4010 61
3115 46
3603 46
3352 62
2134 27
1425 45
3429 56
1600 40
2622 18
1002 20
1825 34
4077 9
2235 9
3399 22
1258 14
2387 29
703 43
1798 22
1499 11
3531 52
2317 58
1427 0
3192 11
3428 17
101 63
3923 33
79 21
1284 43
1524 21
2546 60
1330 20
131 31
3634 22
1918 63
2719 51
1566 38
559 5
3702 16
3958 46
1030 17
1470 26
2399 8
3650 0
852 59
130 45
3479 46
2256 32
3553 25
2246 17
2353 13
568 26
1762 26
2676 24
2087 10
3838 36
2667 7
935 39
407 24
2483 50
2830 44
1361 43
588 59
1218 16
1871 15
2094 36
293 2
1788 39
2756 29
1926 51
1012 45
1839 49
2529 29
1833 8
2763 2
3351 35
3000 47
711 23
2674 6
1905 22
647 28
2486 56
4001 55
1570 28
2053 2
1707 25
3605 12
522 19
2692 23
2253 54
332 19
3688 60
2573 38
1097 46
898 39
1955 4
3393 29
771 55
3600 63
409 8
338 17
3206 9
2990 57
3005 35
359 19
1382 41
3742 14
1198 11
3865 53
2864 47
2221 34
1326 0
3544 17
627 58
2635 16
1285 10
1973 59
1429 51
2636 57
2704 39
2319 9
3171 47
298 37
3251 21
3309 5
2440 16
3669 23
2195 29
2899 20
3259 9
45 25
3793 16
3402 47
3445 56
116 0
424 4
964 6
3050 0
1003 5
55 8
1042 44
867 33
2563 6
48 4
1340 12
1345 42
608 1
1274 52
383 26
1569 22
903 38
515 32
1996 31
2298 53
126 55
3181 5
233 6
2307 9
1657 9
2280 40
842 48
3530 59
1129 13
2917 1
3093 51
3878 47
2822 46
1961 45
31 57
3908 39
2468 13
2677 51
2003 63
2425 23
1748 3
1446 35
3132 55
1938 18
279 33
2166 34
2855 12
1067 20
3430 1
1611 52
2637 8
1747 41
2408 13
3913 14
1255 18
2070 15
1416 56
4062 26
2342 3
1245 9
3931 59
2722 22
497 60
2810 11
1755 30
1998 61
677 53
2876 27
3719 59
2224 38
278 11
2790 35
2405 2
2566 10
179 51
1230 27
421 20
2289 55
432 43
3166 31
4048 62
2205 46
3500 34
923 16
3707 54
2624 1
314 0
941 53
467 43
1556 54
3256 39
193 49
3381 24
156 42
1759 30
3264 50
4033 22
1391 48
983 35
1301 29
1021 40
2847 2
26 23
1907 31
1948 10
3117 18
2210 10
523 40
483 40
1841 56
3038 14
1629 57
3879 32
2075 4
3453 19
2673 56
634 9
1311 28
3085 53
761 29
2796 45
441 3
2524 21
821 61
3799 33
649 48
1491 50
1906 15
1123 27
1401 34
1705 43
2490 14
1589 17
3367 58
804 54
3490 24
2245 54
1224 14
2101 59
1126 27
280 60
2691 52
3162 13
2435 2
1964 50
3713 10
2561 1
2838 37
495 22
951 5
3017 20
2375 57
1930 43
3854 43
982 31
3238 32
2226 18
1440 25
199 33
2874 53
2023 32
2459 48
536 14
567 28
493 34
3028 39
1545 49
2297 17
1409 52
2349 58
2453 26
3295 58
498 56
3625 1
2270 48
10 29
1584 46
398 40
812 38
1292 35
3755 47
695 2
3377 43
3562 14
3852 36
68 36
1974 37
1803 12
3084 25
1412 2
2382 3
3817 49
1539 57
2589 53
360 45
32 10
3112 51
3757 63
1339 40
2530 3
3508 13
2934 43
3195 49
2325 2
3864 47
1531 44
3746 18
3273 47
2355 15
291 53
420 28
879 30
3226 53
1894 41
810 55
219 39
2343 53
2655 56
3293 12
1726 48
2660 12
1665 55
4025 50
1739 35
781 36
3787 29
2949 35
839 60
418 10
1706 43
1432 47
2225 27
2894 29
2988 0
2565 18
621 28
2893 11
3052 41
3735 48
459 36
2163 39
1229 60
2150 19
1913 0
1704 36
1538 51
2279 15
3434 0
3933 14
436 51
580 21
1741 14
3749 56
2649 41
3076 21
343 61
3529 31
2105 22
1793 60
1770 24
1188 62
691 20
255 53
2537 50
2557 29
2870 48
868 11
828 15
3927 34
1431 3
3322 10
3652 0
740 8
4007 47
2261 34
3734 51
2466 50
2820 59
4015 53
3561 53
4002 37
288 11
1764 58
3254 37
1578 4
36 20
887 13
3938 19
19 13
3977 3
1714 29
1133 29
2386 48
3932 44
2607 14
3925 11
2644 23
3857 14
322 23
2119 18
2912 26
716 43
1187 18
2809 54
2857 11
893 52
3683 37
2478 31
2470 49
1966 49
212 3
1314 38
294 39
581 35
2713 54
2987 26
3068 51
2385 19
2969 37
2707 59
3086 23
1687 59
3484 25
2432 41
3813 11
2769 5
249 41
2858 14
42 59
3809 24
1228 23
2448 41
3222 6
2086 8
1468 48
2011 12
107 36
3427 58
248 1
429 24
2136 34
2880 28
3915 35
664 49
633 42
2498 63
526 4
1722 54
3507 27
1614 14
1819 0
1861 51
2206 17
2758 24
4074 29
2121 47
2201 16
1697 34
2209 33
2370 4
2501 44
487 11
3 33
542 61
535 21
1055 29
3998 3
1139 20
896 62
469 62
3880 4
1654 25
91 4
3581 12
525 16
3066 45
2853 29
2712 61
1909 47
2455 59
2593 14
1845 0
367 41
1191 43
2281 52
788 6
1776 54
1557 52
2170 50
521 19
3106 2
2309 58
3572 31
895 53
874 27
2131 10
3602 6
330 45
4075 22
846 53
3363 40
2750 1
750 55
2117 40
3810 26
30 16
3972 14
2060 19
2055 52
1167 19
2054 57
2663 2
1213 44
3236 28
2203 15
3717 16
2194 20
316 26
1158 44
3657 59
3472 34
3040 16
1017 12
3330 15
3762 22
2400 48
3790 43
2729 51
2856 35
3292 1
1983 62
2061 56
674 6
2266 53
3360 49
1059 52
2651 3
3497 3
1352 22
3456 46
3597 44
2045 45
1341 50
2670 17
2754 26
651 58
4093 0
4058 1
1597 24
3063 15
798 62
2430 36
1509 18
4088 55
1267 14
1058 30
3092 47
3502 27
1616 38
1178 51
2482 10
510 5
1246 39
2803 29
1612 45
3262 62
786 29
2773 48
2148 46
266 58
720 30
1645 6
1226 26
3564 43
3129 32
2843 49
3886 1
969 32
2977 61
3009 2
2795 56
3874 8
148 24
368 28
3060 19
3263 30
2591 29
2173 19
140 32
830 14
3408 25
1945 33
3812 15
3109 12
2685 59
3205 12
118 24
484 7
947 12
545 51
3224 2
1694 31
1599 48
3389 61
582 15
1418 29
3569 15
251 23
1096 0
3643 2
3126 35
2251 34
2865 58
158 54
153 8
2665 57
3580 35
263 56
1331 47
1716 12
2611 35
1073 18
3018 33
3875 22
2666 1
1029 38
3614 2
2485 5
14 12
3736 13
3598 1
801 24
2654 16
3401 31
2179 41
1118 42
2378 47
3160 60
1471 21
2887 40
3725 25
2936 0
2709 23
965 37
1910 43
1834 59
596 51
3495 8
3718 41
3747 22
901 49
2271 9
2576 44
3432 1
1496 12
2494 0
3626 45
2100 2
746 7
2616 38
2861 58
1080 8
1593 42
1540 45
1659 35
2609 23
3286 60
387 51
2449 49
70 16
3517 16
1173 31
1753 46
2619 42
933 48
2594 35
637 33
252 0
2031 40
345 57
2290 27
3074 18
3693 58
4095 41
1257 37
174 43
1268 61
819 29
2710 25
4065 34
2275 44
988 43
1456 24
1749 23
3686 35
2388 50
1210 1
3458 14
1902 20
3567 27
3241 19
3143 15
3676 22
931 25
3638 62
2283 13
3425 7
2393 1
897 3
2662 31
620 27
3176 44
765 15
2140 6
361 19
1548 47
1979 54
1196 37
3232 3
520 50
2128 63
3536 34
3689 27
2701 27
3156 21
906 46
149 60
2089 62
1806 20
2997 47
22 40
2323 21
2560 52
494 42
3016 42
530 5
3439 62
2823 22
250 1
1992 32
2922 48
3855 31
1543 51
3165 42
84 40
759 28
57 50
2187 1
3198 35
1535 34
1946 13
814 24
3571 49
1929 49
433 53
1272 51
3740 46
1428 9
286 12
3398 63
2814 35
442 48
1466 21
1621 30
701 62
4047 38
1383 40
1111 15
1351 8
2429 8
998 46
766 22
3163 63
1783 15
440 22
2108 48
1157 42
2223 46
334 25
655 45
2008 37
976 44
3995 5
2688 63
2016 15
3510 7
3953 7
1504 19
1710 24
4090 56
3159 24
239 18
2489 46
1336 39
3341 55
967 46
3420 54
1766 27
3335 3
2047 39
2974 58
1801 15
3673 30
3483 4
3971 2
2464 60
631 24
2940 35
3786 60
813 7
3587 43
2694 46
3021 3
2268 13
2675 51
1303 28
1547 47
3831 28
626 61
2541 10
3119 33
603 18
3354 42
590 12
3274 37
2177 43
312 1
710 54
2716 0
1206 9
2528 36
2419 62
2776 39
1627 58
228 61
120 43
2871 28
3822 11
3540 38
3136 3
2381 29
1636 47
2178 42
3655 28
1532 55
18 53
220 61
112 39
1277 35
505 21
33 55
3025 22
3897 51
1940 29
2735 17
2575 12
894 6
3210 4
2837 13
3369 36
1811 0
3468 8
676 19
938 34
1810 22
1828 31
3407 9
386 25
2126 61
1507 34
3760 42
1420 1
2743 23
2793 27
1138 33
3575 6
909 9
1546 7
2599 37
206 4
290 14
1971 8
882 29
276 1
171 23
1009 13
3685 54
3359 59
3095 9
2043 3
3785 29
1199 23
853 36
342 40
3137 59
2025 6
3999 42
499 50
364 38
2555 38
3701 2
2305 53
3141 61
2957 10
2000 60
780 9
3388 50
767 23
224 14
1018 60
3552 31
1443 11
2761 8
3303 16
656 47
538 61
4034 58
4023 58
3951 46
99 25
50 21
1233 49
1563 0
304 1
920 33
566 36
437 26
584 24
1738 46
1089 43
1562 38
1327 31
2174 6
190 29
3451 6
3281 23
128 6
2545 52
3332 44
2182 55
876 63
3528 12
1517 4
2748 62
3257 0
1161 14
1421 58
1366 22
571 62
1165 35
40 61
2092 23
1838 57
1357 12
541 30
1622 50
1372 63
937 38
1046 46
671 31
1488 55
2196 16
333 49
1325 1
2401 35
4021 28
1364 18
2433 32
3916 56
3706 6
4057 54
3024 19
4068 16
3775 55
1982 37
2923 63
1800 45
3599 58
573 13
1525 52
59 34
928 35
681 50
392 57
700 38
3898 44
1988 50
1027 28
2818 26
2721 31
3244 11
2902 43
1190 17
1877 3
78 27
475 10
213 47
1903 7
1208 17
1647 58
3660 4
3869 46
3077 48
593 48
1393 27
3170 57
2708 11
1969 56
1148 13
1260 41
3444 18
2625 30
1155 16
1022 51
706 38
3178 49
223 62
3805 24
85 53
472 41
3313 24
410 45
260 49
1321 3
2374 37
1104 2
3893 16
3681 5
1394 38
1881 29
1644 31
3234 35
258 27
2918 16
1590 14
151 17
351 63
2907 58
3396 45
2160 11
2780 54
1026 3
1791 30
3975 45
1864 48
1728 25
1384 14
2996 4
1 59
1449 4
2869 20
108 4
3482 4
1640 15
751 41
3967 26
1143 16
1253 40
2807 38
3656 36
2911 20
3174 60
1464 31
517 5
3997 11
878 0
734 34
1388 30
2186 12
3964 61
2965 42
2831 22
60 0
1116 45
776 9
2834 42
2457 0
3514 59
1369 59
3048 13
2332 5
3487 54
3778 44
1050 40
3642 3
2544 4
971 0
2954 60
2746 43
2398 31
2496 11
1663 58
675 39
1296 25
94 38
2495 58
1637 5
3217 6
1182 20
2460 30
3096 23
579 46
1976 52
3538 6
1796 39
4079 59
4067 40
1337 4
56 4
284 30
4089 38
3758 41
154 63
2817 8
476 27
2097 62
1020 34
2214 13
1639 22
1070 10
2711 17
2116 42
1374 60
340 45
2213 14
2715 10
3506 10
615 58
2966 8
1035 20
2438 21
1951 27
3152 18
391 20
3917 10
648 8
2250 15
2010 1
1238 44
3664 9
1690 6
3290 45
261 31
2901 22
3501 33
124 29
265 33
2080 55
1419 5
2514 54
2367 11
325 27
1932 14
3629 38
3069 62
2808 22
1365 4
1062 23
2824 56
3974 28
966 49
753 45
3411 36
1254 51
705 2
902 6
2647 41
610 37
1872 30
3943 37
3992 51
1763 13
3462 23
2118 18
1718 28
778 50
1814 51
1197 14
1680 60
784 63
1034 40
242 32
2605 59
488 4
1787 28
908 8
1175 5
474 17
3104 14
3851 28
1313 46
1686 58
719 40
3455 19
3929 38
2571 27
2690 33
1510 28
373 36
864 61
2762 42
2308 41
176 29
3122 41
1250 32
613 60
3627 27
170 6
3568 36
1122 46
2078 28
904 47
3503 60
1633 24
1768 26
2125 14
3302 17
1436 55
2335 28
704 9
1723 4
3279 45
1113 47
529 31
67 61
850 55
2891 20
824 28
534 14
3131 38
1485 43
2910 60
3986 0
1883 18
2872 32
2139 44
352 39
1551 58
3426 38
4091 28
957 53
1010 27
1743 43
3336 28
3350 24
1279 42
768 21
2779 29
2689 38
2683 40
273 11
3545 6
2310 8
2733 35
1342 54
3146 14
783 6
1282 27
2846 37
1174 18
37 52
1353 51
139 39
2071 57
3145 33
1439 30
3565 45
1286 16
1541 43
3924 25
3682 21
1053 58
406 28
3308 45
3644 41
438 30
1914 63
3448 43
3056 33
595 63
272 44
3275 26
1967 63
3164 22
886 62
1626 17
2022 2
2764 34
953 34
2728 48
3366 16
2950 53
2334 11
2183 35
1790 21
617 16
2836 49
73 36
3465 3
3608 26
3100 43
742 36
3773 18
453 8
4012 24
3489 52
