1091 48
2158 61
576 32
177 70
354 60
2632 56
235 63
917 90
3328 69
357 70
1489 56
3288 55
2601 64
708 36
1873 52
3449 13
3976 69
3892 98
3473 34
2892 98
635 94
1937 86
1413 68
1172 69
447 76
3225 83
2768 60
1786 75
1875 57
2123 82
3890 35
2850 52
3679 95
2789 45
574 66
2792 73
2237 13
2397 60
2465 65
2903 86
3460 64
2615 88
1823 36
2410 61
296 104
2200 72
1312 115
3970 24
2967 77
3607 67
1868 34
2740 51
558 75
2931 82
3708 60
1402 32
2336 43
198 57
2259 68
3392 38
3218 102
2396 72
380 89
587 50
3826 102
4044 87
2058 67
1495 66
2285 45
1128 42
3774 82
1876 79
3690 121
948 68
2547 15
466 64
1842 63
2328 58
3297 29
2372 50
66 36
1497 98
3296 82
1328 37
2357 81
1564 47
2679 53
2096 78
3647 70
1459 86
349 100
999 80
2755 60
685 49
3709 58
773 54
3379 26
496 69
1192 20
722 71
1476 97
480 48
3403 20
1335 83
3651 41
3493 53
2983 107
3101 75
2098 81
1247 25
481 39
3750 95
425 98
470 52
2551 72
54 79
3789 77
196 38
569 109
2751 49
2726 32
619 42
3753 85
2005 67
1537 74
658 34
35 84
426 14
2920 70
419 56
3937 8
186 48
2338 83
1006 54
2638 27
1103 43
2994 86
3712 66
4059 80
1176 22
990 15
2542 51
2841 74
2835 111
3191 44
3554 57
3186 55
666 87
197 76
2114 50
3680 31
3711 79
1475 17
1779 58
489 39
2019 74
2050 90
1683 62
1890 102
3521 83
3994 37
2953 38
372 92
3803 76
1480 84
3039 82
3662 115
1367 18
1415 77
1931 105
1603 40
752 79
3811 90
2211 30
119 84
1256 45
479 67
301 82
3978 76
2753 74
3814 72
337 56
952 93
2143 57
1676 65
550 80
2106 35
1252 42
2359 81
1407 39
1119 74
1943 83
2955 15
87 77
3942 69
2049 71
2361 86
2512 102
2122 64
1785 44
2299 110
1100 103
763 57
2145 83
3868 48
434 39
3114 70
150 59
3140 75
1441 54
2294 39
3365 115
2747 91
2229 70
1745 15
3828 55
2112 58
335 78
3829 80
3416 67
3194 76
760 65
3358 87
1757 52
1771 50
531 58
1318 119
3342 69
1287 116
602 49
2416 94
123 85
669 77
1322 106
772 22
3216 64
427 102
3012 59
1672 78
336 89
8 49
825 49
2287 110
378 29
972 11
3492 69
3723 93
2626 33
1794 55
1482 93
2757 67
670 46
1896 81
377 58
221 68
665 71
3450 105
3475 8
1624 49
1231 59
1882 63
1860 26
3285 52
3726 18
3026 58
1463 75
1731 42
3199 78
3422 94
1201 71
1203 50
2242 88
630 75
2896 90
585 60
1349 72
856 95
2992 80
2630 58
1152 80
2218 100
2417 69
802 31
1775 47
1036 60
61 73
2724 63
3062 12
1028 92
1049 52
2181 68
4084 72
1183 33
1708 42
3187 42
2854 92
3862 18
1061 64
3849 95
3121 57
697 51
2499 65
1300 51
1921 78
3269 60
3204 28
125 51
127 23
2028 84
3966 53
1631 73
2233 47
1900 26
3078 74
3550 58
1792 43
3820 81
3797 81
2944 67
17 110
924 66
3919 19
872 57
3469 71
1297 70
0 74
315 57
2067 37
3674 61
3631 74
758 55
3863 25
3922 49
775 68
2799 50
2437 44
2230 102
113 49
968 111
2771 42
3252 59
639 26
659 43
1455 106
1824 68
2840 61
954 60
2668 44
3661 32
2995 99
1958 14
3620 34
2034 61
2064 50
3410 18
2567 84
2428 27
612 66
1355 85
1575 72
445 88
166 74
3509 67
683 43
1486 24
926 87
416 57
375 62
652 14
3788 93
3294 68
1867 66
3337 73
3988 28
439 64
3589 92
3623 56
811 67
3518 24
3667 80
2220 46
835 105
13 68
3130 81
27 11
2851 93
2414 66
3036 62
3511 48
3245 70
25 3
3027 94
1400 31
3491 73
1177 120
3761 87
146 75
2479 37
2765 33
599 47
687 94
899 50
618 50
2522 56
841 22
2583 60
2227 56
2441 75
1242 53
1403 61
628 98
2048 75
1520 52
1986 41
2935 76
2631 30
1332 74
3082 63
692 89
2627 25
3307 88
227 93
4078 17
4014 74
62 71
350 66
3452 35
2351 79
3099 42
1844 58
2322 51
363 56
1236 64
3283 67
3138 59
730 24
3801 83
2004 75
2898 66
3004 26
790 99
1087 36
3228 66
2696 69
102 71
2273 108
3704 70
3887 67
271 83
3639 21
2895 83
2301 27
885 123
3070 74
3246 61
147 71
1807 44
3866 77
3266 26
69 70
1261 75
2693 40
3640 18
2454 78
3183 4
3733 53
4080 51
2978 54
2352 20
1959 94
3485 49
3053 30
3364 30
2115 105
2532 91
2409 86
1737 75
4087 18
106 19
930 60
2 59
229 60
2802 104
808 97
1377 67
984 29
3617 80
622 32
2772 94
997 53
3612 43
1804 121
3033 102
2889 66
1150 57
1239 94
1346 65
4094 37
1607 31
2492 102
2819 45
2347 53
3741 61
3533 60
597 34
1170 13
1016 83
3546 50
3459 70
4072 87
1302 54
2260 72
3299 49
2456 25
5 41
2905 58
3856 39
727 85
1944 46
1692 29
3032 99
2570 75
2157 51
2384 84
1780 103
4027 37
1041 71
3380 75
3413 89
557 76
2412 65
1015 37
987 60
3548 73
3348 77
3944 100
3231 103
1598 64
1008 31
3537 81
2628 75
408 40
993 87
881 99
3939 38
3058 119
3436 86
2288 53
215 79
422 20
3320 17
3370 27
1031 100
3030 35
3433 48
737 28
3637 37
1660 64
3593 38
299 82
1450 36
1522 78
2458 103
1040 66
2825 43
1608 79
2800 33
2730 70
2093 106
3471 87
2734 97
2578 73
3391 54
1289 102
1144 76
1025 9
2513 93
3127 45
3739 77
1808 67
1821 113
1795 9
1592 87
2723 50
1591 33
2421 46
3940 45
3321 11
1467 59
1942 97
1221 14
3905 43
2552 69
3867 71
1609 7
2130 71
2952 71
556 33
253 30
1513 76
1836 44
1588 22
1917 63
3870 40
831 11
2579 80
1307 41
1048 101
396 60
789 22
779 42
1993 53
3535 45
1209 30
547 88
3057 62
877 124
1646 51
1960 66
2959 92
1679 51
1935 86
2371 108
2505 42
2657 54
2948 63
2504 109
3368 100
3151 95
64 43
1483 115
884 50
384 27
2980 65
180 104
327 96
871 75
137 13
2813 84
2584 51
764 40
1166 89
1623 15
1678 93
1923 59
3457 62
4055 47
1098 75
2244 64
2506 60
2027 105
1154 27
1812 74
2882 41
2538 36
4022 78
2942 97
1848 61
1306 97
3985 85
2467 60
3167 40
1963 35
2534 71
244 23
689 73
404 61
944 73
940 73
3278 49
2904 48
3563 83
1968 65
3235 67
214 13
1565 106
3833 94
728 22
1843 41
379 87
461 99
657 35
2042 96
2188 79
268 60
2859 22
1734 79
1181 32
1473 88
478 63
2648 54
3526 96
661 23
1234 63
749 68
1283 44
837 40
96 38
65 32
1082 35
2068 86
796 57
376 57
138 73
3956 29
3301 49
465 44
809 92
1549 32
285 15
75 81
2686 76
2484 61
2168 82
511 100
1696 76
3882 33
1045 43
678 91
3928 93
281 27
3148 52
52 44
2540 72
1381 28
726 47
791 54
629 60
1044 92
1075 92
3859 64
1628 61
533 50
3714 35
914 71
2036 41
2828 72
2618 54
2493 53
3819 43
2596 54
3980 38
3300 19
2274 29
1502 9
3044 70
3766 101
1453 109
1554 40
2937 65
757 55
1542 47
563 50
2606 49
20 68
696 45
3067 23
1830 63
2407 114
1970 80
832 33
922 37
2554 24
3175 62
2318 7
2703 79
3792 65
3955 50
3524 90
2040 44
1736 72
3094 30
3841 81
1068 64
136 66
450 46
3738 85
1151 64
1820 63
157 32
859 30
3827 62
3248 19
913 47
2556 61
3756 31
1805 35
736 29
132 26
2276 64
3710 40
103 89
1991 71
1987 47
3494 50
2890 81
2295 48
770 31
346 104
1858 69
3394 42
16 26
3560 28
2191 34
2072 107
3239 51
1448 100
507 108
3672 48
1114 35
1618 102
827 38
3909 108
891 89
945 82
1571 48
1410 52
1299 76
1506 70
2402 86
2286 42
3182 85
319 76
95 54
3636 51
289 47
3376 19
537 88
464 101
3873 37
3431 47
564 53
2350 104
2129 39
3087 54
303 90
632 42
2718 39
1928 68
2491 80
2152 124
2752 38
1765 47
3578 50
1758 55
4042 58
4073 78
2254 47
3691 82
3861 97
3382 123
2475 8
3941 50
1093 100
1474 25
1397 40
2945 103
3282 116
2572 76
3895 42
1587 20
3906 107
1360 25
3983 60
3549 97
1889 80
1703 84
1887 85
527 66
3609 100
41 23
4050 93
2084 29
1338 79
3318 43
2964 50
29 29
143 25
921 66
1094 44
144 81
2156 108
2993 62
1667 56
310 88
2639 70
366 63
1109 44
1533 64
709 106
3212 19
2228 22
551 77
539 77
168 55
3551 84
302 102
3727 57
2127 74
2171 44
1912 111
3767 71
3722 52
518 45
1581 39
104 102
234 23
88 61
3242 98
888 84
1131 25
3934 93
3270 56
47 65
4063 57
1390 63
792 99
1101 84
1965 7
1092 54
1744 39
583 34
1715 53
2553 69
1141 100
1773 20
973 86
4000 96
2702 96
2215 91
694 41
644 103
2671 117
2199 65
586 34
2153 74
1438 33
3102 49
2264 57
482 72
668 73
601 27
2564 50
743 78
1922 64
611 65
3055 102
2933 52
1319 49
1643 31
2777 97
3604 80
3798 51
3993 60
890 21
1271 31
1956 42
1610 68
264 7
1275 74
216 63
51 55
2124 23
2687 36
3772 61
2066 82
397 62
3153 61
4092 42
3513 14
12 48
2927 15
3446 98
3180 48
3987 15
2737 62
2863 48
2725 71
996 41
1583 40
1433 78
3291 33
3326 89
1462 94
1273 73
1069 56
1742 72
1494 89
1594 73
2613 54
184 15
3783 81
2539 77
2364 74
1457 111
2164 98
2110 45
2801 19
3771 88
2947 48
2272 94
3349 88
370 52
3633 52
3962 56
3179 87
1249 80
142 68
3169 45
2759 75
3051 97
3155 65
1043 46
2623 109
3498 90
1127 66
3123 86
1997 92
2444 50
865 59
2344 76
1577 47
663 64
2436 26
3592 73
958 72
3982 107
2932 31
2149 36
2481 92
660 83
2852 27
3280 65
4069 9
2368 34
1941 86
1145 87
2406 22
2029 85
3901 19
1023 68
3903 43
452 25
826 22
58 54
1414 86
1846 87
3260 49
2502 75
1851 58
1778 82
1086 83
2973 97
2090 92
2960 66
3570 92
4070 63
1695 72
1849 74
2500 20
3013 37
3848 26
1481 97
3883 50
3894 37
3823 24
3904 87
3839 95
191 72
1054 40
713 35
1385 112
114 40
3835 51
2516 36
1580 57
458 57
1827 34
1880 84
1396 85
994 26
1774 71
1772 81
2981 54
1437 34
2007 69
3345 85
1037 87
739 60
3034 51
2262 81
1558 68
2971 51
1888 71
1153 104
237 74
916 80
100 53
2339 56
305 19
2103 53
4061 45
1047 72
2521 29
961 65
723 67
1751 100
1862 48
2652 68
23 45
2798 75
3315 84
3384 38
2324 78
2868 68
3622 13
2238 61
2518 110
339 118
1857 48
822 55
2059 27
1567 43
2816 106
3891 50
2549 95
616 50
394 34
159 83
1835 40
1560 61
1052 78
1981 58
3586 70
1132 85
3914 59
2548 98
1308 53
240 83
820 82
3054 64
1648 32
3334 52
1193 79
2258 84
3781 100
275 49
76 23
847 60
1651 37
3227 39
3616 71
2176 72
555 80
2999 88
2469 113
755 70
3014 56
3699 49
1895 58
178 63
2664 67
3184 19
4081 45
3371 34
3080 75
411 37
203 82
540 41
3582 51
3047 16
2269 78
785 39
858 71
3692 66
287 100
3635 29
3845 39
3547 5
3373 42
2300 32
3759 42
306 80
3716 14
1350 43
1939 82
3090 52
2452 27
1949 30
1957 38
297 66
2161 54
2629 79
3378 36
1212 73
2984 30
3476 88
793 60
848 32
1395 69
2133 56
855 80
838 48
516 31
2144 13
1304 12
2749 51
1404 85
3344 45
2277 64
1863 120
3770 68
2231 51
3858 103
430 50
1719 89
960 56
3372 76
2082 75
2866 79
3649 40
939 63
1225 48
2462 46
74 67
3203 50
2617 95
2515 73
7 56
463 57
2302 79
211 52
183 66
1411 45
1908 28
2039 98
3329 50
3125 71
2447 35
1434 69
2650 74
3079 57
3298 7
2488 72
2471 49
21 71
2109 79
2883 25
986 5
1105 63
477 92
3912 57
544 9
2197 87
1032 101
2717 88
1978 118
2427 67
1677 62
217 63
3763 88
3899 25
3877 71
653 15
2473 12
1136 46
2239 76
1014 120
3745 33
2081 42
732 49
3952 40
2315 89
2770 65
1232 24
2329 38
3481 46
443 44
2304 62
2972 101
2306 46
3037 79
1406 77
3144 74
698 70
3842 68
2391 85
1688 83
3963 37
1505 49
2365 5
2431 18
3253 31
3338 105
2046 50
3737 46
3135 32
3816 54
2154 45
795 46
181 104
3730 76
2968 107
1281 61
3190 109
1362 62
358 54
2202 69
2582 58
1901 70
256 53
514 98
2316 23
2463 90
1837 62
431 52
1000 79
3409 50
141 107
1822 103
1630 87
543 31
1781 71
509 45
3023 86
3991 66
2979 12
3579 16
3504 8
2991 21
731 91
686 93
2962 74
238 59
1855 70
3002 69
3043 38
3645 29
3356 81
2420 107
2929 11
2243 63
2380 50
2921 91
1219 23
3400 62
3876 33
3885 97
2784 27
910 69
4030 62
321 107
3678 53
598 95
956 77
2216 67
992 93
2961 62
2682 80
721 125
122 41
3284 66
4011 5
1693 42
121 31
3779 99
3853 107
2198 18
362 64
369 57
382 38
2030 69
548 63
3019 50
840 56
2938 97
1761 33
2543 65
724 27
3525 24
1777 41
2411 102
1700 64
774 42
3728 58
3948 78
3386 51
3461 34
2908 37
1323 99
195 53
63 35
405 33
2113 62
3969 71
3081 70
2812 97
2783 81
1752 58
2705 58
3419 107
3006 44
2291 71
435 59
1649 86
1077 58
4041 81
2508 54
2875 30
3375 88
2970 104
4049 20
1561 54
109 49
3624 73
1721 48
2247 102
915 48
1472 60
3390 4
3574 80
2024 94
2797 78
2844 6
2742 65
3387 81
1904 75
1264 66
3046 87
1711 62
3103 58
1371 35
646 74
873 72
1884 41
3324 49
2172 82
2403 91
718 56
1106 53
1933 105
3383 20
3930 93
34 75
1701 62
3230 73
1552 74
133 45
1317 76
800 106
210 83
2774 36
2587 52
3020 72
738 52
3990 57
851 100
2919 74
892 58
756 58
1004 73
1262 45
1501 58
1674 88
2292 60
1573 73
2219 80
3312 28
117 77
577 33
1140 30
2714 11
169 23
2192 59
2788 96
204 16
560 69
1200 37
3414 74
2805 63
3654 74
3731 82
2257 22
2829 73
3618 49
1852 80
401 82
3289 82
3189 48
1664 93
2595 82
3008 75
1011 86
1079 41
1641 72
1619 81
2503 56
400 44
2986 106
605 21
2634 89
2248 60
506 33
353 87
2006 107
607 31
1379 96
503 62
3555 46
1526 47
3840 59
715 12
1478 58
3443 103
1117 46
3200 61
3721 59
2232 93
295 118
2597 42
747 73
1670 89
1553 57
1422 120
3596 66
1220 54
2340 94
3595 59
167 89
2383 65
3821 32
3543 36
2581 57
3113 70
3523 50
3049 73
1120 118
2697 44
3071 87
2767 63
3133 29
1207 34
1227 124
3440 83
1064 89
3496 40
4071 69
741 64
2311 92
1211 81
164 14
4082 92
2159 80
2520 44
2389 64
3615 58
1295 66
145 66
2600 59
2069 41
1675 55
490 57
2026 10
1316 23
1291 56
2204 98
1194 109
2476 81
1586 108
2590 55
592 92
1866 8
1013 114
688 42
1727 96
1222 72
1460 73
1147 98
3173 56
2732 62
3960 99
3120 58
3836 99
2672 53
970 11
236 64
2480 92
300 6
414 91
2604 70
991 28
1180 82
1915 53
2327 114
2404 86
1523 5
3139 49
3091 52
854 50
2915 38
672 56
1298 103
963 40
3889 58
155 72
3362 81
446 87
1733 92
395 41
1625 40
1512 104
1215 55
638 51
3818 69
650 59
861 17
3423 95
3142 102
2653 69
3118 60
3911 5
3796 100
3261 55
3512 26
1081 92
834 29
927 55
3965 95
2781 78
981 102
3201 26
3591 90
2426 62
3223 77
3202 122
863 29
1315 69
2862 62
3213 74
805 65
1874 97
365 74
417 62
3653 65
4051 79
3185 89
1661 70
3884 84
2341 91
2698 41
3196 91
1989 64
3045 38
1134 121
4085 85
111 47
3936 30
1380 84
959 44
2989 93
3072 39
1817 22
4024 58
2162 33
3339 33
2076 41
1818 77
512 28
1169 13
942 124
81 69
2337 93
3628 16
667 69
4037 50
192 92
636 52
3177 72
2720 53
3221 43
2641 49
90 85
2559 36
3250 88
11 78
292 53
1309 90
2577 96
451 70
818 118
2167 54
1408 12
4064 84
200 67
2013 75
500 34
46 45
3265 101
3847 47
3559 108
257 40
1568 50
403 51
1354 48
1373 50
1442 50
2472 122
2821 55
3347 66
3208 83
1802 81
1813 94
3594 85
1740 41
3777 72
2645 26
309 26
519 74
3404 47
1265 68
3001 106
3881 59
1767 51
1293 107
1038 61
2057 58
1735 77
2669 78
3168 53
1954 53
3900 53
1216 60
201 102
4032 66
1259 80
1878 64
2585 62
230 35
3075 94
1445 42
3258 70
1237 33
3918 60
575 70
3694 80
4045 53
3715 69
2146 27
4031 88
3768 54
2296 94
194 93
1642 30
1359 77
2065 75
4028 63
2151 37
1204 29
389 16
1223 20
508 63
4054 95
402 99
2104 2
1550 81
4017 28
460 18
2700 48
1334 35
1519 31
3675 71
9 33
3470 67
3584 83
1083 58
2363 95
978 25
3276 71
762 57
2642 79
735 70
412 45
844 65
3435 26
1278 25
185 54
3583 41
4005 49
754 49
3658 57
679 58
1840 85
3442 31
1712 57
2497 71
2928 34
2877 44
561 35
823 65
2052 100
606 67
2395 51
456 63
2155 30
2032 42
2643 31
2535 54
2038 115
3022 82
3588 46
1269 39
3424 106
1760 53
1650 55
2175 49
1662 46
355 22
1579 21
2656 75
3149 73
1500 54
1135 73
1952 42
205 63
3896 65
3154 60
318 98
1685 75
3613 65
1689 52
3748 40
2422 59
2958 66
454 103
341 72
932 47
3920 43
1669 56
2888 103
2185 50
3466 73
1348 75
1240 71
3305 50
3666 66
1534 45
1984 47
4019 72
3412 22
270 88
3522 89
3474 94
3035 72
682 77
1498 38
247 100
1613 71
1924 55
2658 67
2012 50
3331 12
2914 94
3610 79
918 46
3207 38
2848 86
1605 93
1398 87
950 67
2569 24
2916 63
1033 32
857 52
1108 76
1085 67
2033 95
1493 72
4008 64
152 62
2326 44
572 29
2832 43
1555 96
3505 51
989 60
2313 58
1927 59
1102 74
1056 40
3832 11
3665 65
1925 47
554 75
946 55
2531 57
44 52
2208 65
4040 44
3541 40
866 95
3846 91
2358 69
3417 62
513 83
38 65
2519 76
1508 28
3516 89
2413 69
3601 36
699 68
2102 72
4036 52
2536 87
2314 87
3619 103
347 33
624 74
1698 41
277 100
1159 73
1363 83
1666 73
3405 90
2356 73
385 65
799 80
49 82
3454 85
3467 93
2234 79
1435 71
1110 65
3193 87
3670 60
2592 75
2445 112
1652 104
2897 45
3150 15
2063 58
1681 109
2442 113
1469 63
1270 68
1953 64
1375 63
2885 61
2390 16
3946 107
3357 68
1511 71
845 47
1516 13
1977 14
2511 110
2041 44
2826 42
3385 64
3843 85
1916 84
1060 25
1826 75
3333 24
89 42
3888 96
1490 26
444 68
3477 77
1465 33
2348 89
329 85
1179 104
1724 47
980 31
3111 59
218 8
2766 18
1606 75
2791 61
2860 90
1251 115
1095 41
2020 77
862 27
1088 31
3989 64
3157 44
2680 73
707 61
2044 69
3438 33
2867 6
3220 68
2739 38
2738 62
4004 52
1784 100
3902 48
2193 67
2806 84
3668 88
1754 75
2249 43
3314 104
3590 41
1617 88
949 81
975 48
3807 87
2523 71
625 99
1347 66
1294 105
3306 65
162 63
3687 95
869 59
3585 101
2951 98
2217 61
331 6
565 59
3464 57
1559 108
246 38
609 87
2640 47
3539 75
3089 78
2014 109
589 64
641 62
684 39
3765 25
1156 58
110 77
4053 48
1635 102
390 65
1386 70
3188 75
2731 31
2333 39
2602 64
3519 18
3729 98
371 69
623 90
1235 12
2736 54
1972 101
1809 55
3663 66
3700 61
1124 77
3532 41
3015 124
2107 86
2517 54
2930 21
2165 61
3486 44
4052 68
283 85
2369 46
3110 30
222 69
3418 31
2330 59
3621 87
344 23
1684 52
3520 65
471 123
3698 36
2236 66
182 87
1528 64
2527 70
2321 89
2461 45
1202 51
2612 109
1934 99
1142 68
849 68
1186 35
2346 78
423 72
1869 68
907 52
2366 60
1205 73
2487 53
889 74
642 71
43 35
1602 119
604 63
748 101
4026 31
1829 63
313 61
744 59
1527 80
3804 51
2132 124
3921 47
880 12
2180 42
2562 50
1897 13
2550 72
3073 83
936 86
654 88
1492 76
3134 58
83 78
2985 19
2804 66
231 85
836 53
725 30
3463 75
1638 32
3353 37
3950 113
532 58
2394 82
3949 52
3059 29
1451 24
3415 80
1333 56
673 98
3834 84
388 43
3671 55
1985 20
3959 93
3271 14
2775 46
1746 25
3996 117
4086 116
2794 97
2913 75
208 43
3945 122
1885 96
2786 106
2568 69
282 113
2839 31
3527 112
3316 45
3907 54
3277 75
1709 31
4009 88
2976 28
3764 59
977 45
3437 47
3732 85
1815 33
2745 85
262 68
161 68
693 72
1447 70
1189 71
974 85
3209 83
3556 75
1063 53
2439 53
1658 65
2886 57
1856 63
2598 66
2474 40
2699 44
929 58
807 81
3197 115
1634 65
1831 49
1691 81
1376 61
15 56
2924 109
2881 36
2267 63
962 108
4016 16
254 70
3268 93
4020 101
2263 72
492 46
1769 23
1919 95
2147 75
1130 18
3957 75
3317 44
2360 31
3172 43
2212 67
3237 28
98 51
3355 45
1950 70
1343 93
2017 27
3108 53
82 93
2137 116
3064 39
455 95
600 39
3752 46
1424 81
2941 63
3695 73
92 88
3984 63
1936 54
1717 57
413 19
504 97
1329 76
2373 106
2849 100
3630 27
1899 8
3515 21
1732 71
591 94
3374 114
3794 63
2392 55
1112 14
3010 59
1574 75
2284 38
1850 74
1536 20
4046 42
3255 43
3947 42
374 59
2015 87
1789 36
209 3
3083 97
1195 77
1039 74
3795 68
3837 88
241 72
2135 71
578 46
2189 16
3935 98
2925 61
1137 102
320 96
729 84
769 74
552 40
2021 71
2741 41
2446 54
308 62
2833 15
745 80
2842 85
3743 66
2787 64
2077 90
4083 62
2695 94
3097 60
3088 20
2884 26
2293 90
875 89
267 49
1007 40
2009 48
1074 93
777 107
1975 96
2659 74
77 34
3340 46
1653 61
829 60
1452 101
473 67
2827 65
985 20
2873 73
2331 115
3406 29
1426 41
225 60
815 39
2906 70
3573 32
2424 32
2434 100
1389 60
1417 61
1324 109
524 81
415 77
3611 56
1458 54
3703 74
3684 48
934 62
2035 27
1816 40
1879 68
3031 102
1241 94
1078 53
3003 53
645 34
1530 105
3128 53
2614 59
640 100
2926 72
2588 99
163 49
3240 91
690 13
1344 62
782 90
160 83
1990 92
1673 67
1720 68
2878 63
2278 91
2142 41
1891 95
3776 59
2083 86
2056 71
39 29
3648 16
232 55
3697 96
2085 34
3361 20
870 70
3105 110
1962 36
1164 54
3780 22
2661 93
3327 119
317 51
71 15
2975 66
1782 19
1444 96
1163 62
326 45
2509 108
3488 85
614 14
806 14
911 30
202 64
2141 86
2240 68
2963 41
3343 72
324 88
1518 34
833 77
1146 49
2450 70
2477 37
594 113
3247 61
1051 64
1461 111
1115 54
3782 123
3844 73
2526 18
207 69
2900 23
2001 25
3346 72
3850 103
1898 16
1305 55
3815 104
4013 98
1702 61
3696 66
3478 73
245 68
3754 60
1160 45
1107 86
1477 71
226 49
1288 65
1632 110
2782 72
6 90
3325 16
2610 34
919 72
1405 49
1585 29
1185 38
2037 57
501 66
2312 30
2423 40
2207 41
2946 56
428 99
1084 36
714 36
24 93
3395 57
3041 33
883 52
3214 93
3042 59
175 71
3825 72
449 40
3872 96
3558 17
1503 59
1994 92
1454 63
3116 90
1655 70
3632 26
3124 73
135 17
4006 106
2633 67
1066 97
2778 30
3577 101
794 79
3211 36
2909 54
3219 65
105 73
2525 68
925 82
1320 105
2845 59
1730 71
1615 58
2681 98
2785 50
1024 20
1729 42
3954 79
979 67
189 105
356 102
2558 70
1072 45
2415 28
1920 77
3646 68
1310 17
2073 74
243 50
4076 67
1576 74
797 18
2760 61
3808 93
3107 62
3272 74
1071 91
1479 67
1263 57
259 73
2241 66
457 38
269 25
1995 63
1280 58
4018 21
3659 82
905 52
3029 32
274 107
187 29
1214 79
381 102
328 89
1854 71
3441 27
311 71
3233 38
1870 80
733 97
93 51
1595 70
3480 68
1005 47
1356 90
3557 94
3784 102
4060 38
1430 32
1276 58
2345 54
3534 61
712 56
2354 26
4 20
1076 17
3606 33
4035 103
4043 84
1217 34
3098 90
3677 24
900 67
3720 86
323 56
2956 115
2510 36
3981 63
4029 64
3287 58
2727 26
1266 41
1544 56
3397 80
3065 61
912 81
393 86
643 66
2138 81
1980 57
4038 65
3860 60
2744 95
2943 40
3724 70
943 23
3641 36
1162 56
3229 62
4056 82
1244 59
2091 84
1865 83
3973 73
2074 68
1378 66
2815 13
1999 102
2255 125
1756 17
3499 39
3802 39
1121 11
1886 92
1853 62
1911 92
803 9
2303 52
2222 52
307 122
1484 50
2998 113
3769 29
1601 35
1859 57
485 97
2678 64
2099 90
3979 17
995 57
955 77
4066 60
134 57
3830 57
1099 100
2982 65
3267 41
3961 96
1423 10
129 69
1168 95
3323 36
2646 64
3011 24
816 79
4039 1
1682 63
2376 79
1387 106
2282 91
2811 42
2939 40
3215 50
97 46
1019 38
2051 72
1368 44
2608 92
1892 88
1125 39
3304 51
2120 53
2684 72
817 85
4003 82
2879 92
1750 61
549 125
2265 53
1699 74
1184 27
2252 84
2111 79
2169 103
1947 49
3061 20
1668 52
486 32
80 63
2062 61
2088 80
570 87
3421 44
1832 24
2002 54
2079 49
172 22
1171 62
2095 54
3542 111
399 43
1671 10
1149 74
3319 79
843 68
165 39
115 46
1290 71
468 53
53 65
1065 66
1001 102
188 54
1487 17
2184 70
462 112
2706 84
1893 4
1604 103
1057 27
502 50
2574 54
787 21
2451 47
1521 33
1797 70
173 34
2190 16
3566 36
1596 108
717 91
1582 34
3744 66
72 80
1620 37
860 106
662 64
2377 52
86 66
2362 52
553 29
1725 80
3243 68
2603 82
2580 93
1248 52
2320 39
1243 41
562 10
1799 78
2507 105
2586 40
3910 99
1514 39
3871 72
3310 58
528 40
3311 41
2018 48
1392 52
3161 121
2533 21
3926 40
3249 80
2443 38
3447 53
3158 53
702 61
491 90
546 101
3147 40
1399 47
3968 37
3800 43
348 39
680 66
3705 31
1529 22
1358 95
3751 54
2379 93
1656 52
3791 79
448 82
1713 86
1515 116
1572 67
3007 112
2621 50
3824 78
3576 13
1370 81
1847 54
2418 82
2620 104
3806 92
28 66
1090 59
4010 64
3115 85
3603 90
3352 96
2134 38
1425 56
3429 90
1600 96
2622 31
1002 72
1825 52
4077 41
2235 33
3399 56
1258 49
2387 32
703 55
1798 51
1499 32
3531 91
2317 92
1427 15
3192 14
3428 69
101 70
3923 75
79 64
1284 49
1524 22
2546 76
1330 54
131 35
3634 22
1918 70
2719 93
1566 62
559 15
3702 17
3958 101
1030 72
1470 72
2399 67
3650 8
852 64
130 107
3479 94
2256 91
3553 77
2246 78
2353 73
568 74
1762 82
2676 57
2087 35
3838 81
2667 65
935 89
407 78
2483 89
2830 67
1361 103
588 80
1218 46
1871 38
2094 73
293 9
1788 43
2756 62
1926 112
1012 93
1839 51
2529 92
1833 17
2763 6
3351 96
3000 92
711 36
2674 17
1905 81
647 88
2486 91
4001 105
1570 73
2053 14
1707 84
3605 58
522 58
2692 38
2253 109
332 45
3688 121
2573 72
1097 68
898 64
1955 27
3393 53
771 107
3600 115
409 18
338 22
3206 12
2990 75
3005 45
359 27
1382 95
3742 44
1198 15
3865 60
2864 99
2221 78
1326 62
3544 75
627 64
2635 17
1285 47
1973 79
1429 72
2636 118
2704 48
2319 44
3171 83
298 47
3251 43
3309 59
2440 26
3669 39
2195 66
2899 55
3259 10
45 73
3793 59
3402 92
3445 82
116 56
424 35
964 7
3050 45
1003 60
55 36
1042 74
867 63
2563 28
48 63
1340 23
1345 96
608 56
1274 96
383 50
1569 25
903 44
515 78
1996 57
2298 108
126 99
3181 18
233 37
2307 20
1657 33
2280 85
842 96
3530 81
1129 66
2917 14
3093 75
3878 95
2822 47
1961 86
31 100
3908 96
2468 14
2677 95
2003 111
2425 38
1748 20
1446 72
3132 98
1938 60
279 35
2166 37
2855 54
1067 27
3430 36
1611 59
2637 11
1747 58
2408 34
3913 17
1255 70
2070 33
1416 73
4062 65
2342 18
1245 72
3931 104
2722 45
497 109
2810 31
1755 77
1998 113
677 53
2876 41
3719 69
2224 97
278 40
2790 64
2405 22
2566 61
179 80
1230 71
421 42
2289 108
432 94
3166 43
4048 74
2205 64
3500 85
923 33
3707 115
2624 2
314 9
941 75
467 66
1556 80
3256 92
193 102
3381 61
156 57
1759 73
3264 57
4033 49
1391 108
983 53
1301 66
1021 49
2847 42
26 55
1907 90
1948 64
3117 60
2210 59
523 84
483 87
1841 79
3038 16
1629 70
3879 65
2075 28
3453 57
2673 87
634 34
1311 46
3085 82
761 87
2796 62
441 6
2524 22
821 80
3799 95
649 57
1491 80
1906 47
1123 70
1401 41
1705 54
2490 65
1589 23
3367 90
804 69
3490 65
2245 102
1224 41
2101 101
1126 61
280 115
2691 63
3162 16
2435 55
1964 51
3713 14
2561 8
2838 65
495 47
951 7
3017 82
2375 70
1930 44
3854 56
982 58
3238 79
2226 67
1440 81
199 91
2874 89
2023 87
2459 88
536 63
567 29
493 37
3028 67
1545 59
2297 38
1409 62
2349 78
2453 45
3295 86
498 87
3625 4
2270 93
10 54
1584 73
398 43
812 81
1292 89
3755 85
695 3
3377 74
3562 35
3852 82
68 38
1974 42
1803 42
3084 37
1412 17
2382 42
3817 78
1539 99
2589 61
360 52
32 29
3112 96
3757 106
1339 88
2530 29
3508 21
2934 67
3195 55
2325 35
3864 78
1531 90
3746 70
3273 69
2355 29
291 112
420 39
879 53
3226 99
1894 55
810 76
219 76
2343 80
2655 79
3293 50
1726 92
2660 13
1665 109
4025 90
1739 95
781 53
3787 46
2949 64
839 71
418 55
1706 54
1432 81
2225 29
2894 57
2988 30
2565 42
621 61
2893 57
3052 88
3735 79
459 83
2163 69
1229 68
2150 22
1913 37
1704 39
1538 68
2279 75
3434 60
3933 45
436 71
580 23
1741 68
3749 117
2649 55
3076 68
343 118
3529 49
2105 22
1793 93
1770 87
1188 68
691 69
255 91
2537 100
2557 53
2870 86
868 65
828 53
3927 60
1431 23
3322 57
3652 58
740 59
4007 85
2261 52
3734 56
2466 55
2820 81
4015 54
3561 87
4002 98
288 16
1764 101
3254 39
1578 4
36 70
887 26
3938 62
19 34
3977 46
1714 81
1133 47
2386 107
3932 80
2607 25
3925 20
2644 32
3857 26
322 49
2119 59
2912 85
716 90
1187 65
2809 109
2857 23
893 71
3683 58
2478 41
2470 85
1966 76
212 55
1314 57
294 73
581 78
2713 101
2987 67
3068 105
2385 60
2969 55
2707 114
3086 59
1687 119
3484 25
2432 99
3813 70
2769 12
249 41
2858 41
42 101
3809 56
1228 54
2448 90
3222 12
2086 27
1468 101
2011 43
107 74
3427 117
248 62
429 72
2136 52
2880 86
3915 46
664 85
633 64
2498 117
526 11
1722 61
3507 58
1614 73
1819 59
1861 92
2206 36
2758 63
4074 48
2121 61
2201 55
1697 58
2209 58
2370 61
2501 83
487 46
3 45
542 113
535 70
1055 88
3998 27
1139 51
896 75
469 122
3880 44
1654 34
91 13
3581 12
525 34
3066 105
2853 48
2712 124
1909 91
2455 80
2593 43
1845 33
367 67
1191 74
2281 86
788 58
1776 77
1557 80
2170 80
521 62
3106 26
2309 104
3572 39
895 115
874 73
2131 47
3602 37
330 78
4075 83
846 77
3363 78
2750 58
750 110
2117 76
3810 37
30 74
3972 48
2060 24
2055 111
1167 69
2054 63
2663 30
1213 68
3236 85
2203 63
3717 42
2194 47
316 46
1158 79
3657 59
3472 90
3040 73
1017 17
3330 28
3762 64
2400 96
3790 44
2729 59
2856 39
3292 10
1983 109
2061 110
674 48
2266 60
3360 108
1059 59
2651 53
3497 46
1352 85
3456 99
3597 94
2045 55
1341 55
2670 62
2754 44
651 78
4093 35
4058 62
1597 45
3063 56
798 76
2430 79
1509 40
4088 79
1267 70
1058 40
3092 106
3502 62
1616 70
1178 105
2482 33
510 48
1246 48
2803 66
1612 94
3262 86
786 57
2773 96
2148 99
266 120
720 57
1645 11
1226 62
3564 103
3129 69
2843 70
3886 62
969 93
2977 63
3009 15
2795 107
3874 38
148 58
368 45
3060 48
3263 63
2591 91
2173 49
140 35
830 50
3408 49
1945 59
3812 17
3109 74
2685 122
3205 64
118 29
484 30
947 22
545 109
3224 49
1694 78
1599 55
3389 74
582 77
1418 42
3569 19
251 63
1096 49
3643 28
3126 35
2251 47
2865 71
158 108
153 10
2665 94
3580 64
263 83
1331 57
1716 25
2611 86
1073 71
3018 33
3875 83
2666 26
1029 49
3614 6
2485 59
14 68
3736 43
3598 47
801 40
2654 29
3401 86
2179 50
1118 89
2378 79
3160 112
1471 73
2887 72
3725 88
2936 50
2709 25
965 84
1910 58
1834 90
596 106
3495 37
3718 62
3747 55
901 74
2271 62
2576 98
3432 39
1496 33
2494 2
3626 84
2100 38
746 40
2616 38
2861 91
1080 8
1593 103
1540 45
1659 90
2609 52
3286 64
387 108
2449 76
70 21
3517 58
1173 64
1753 80
2619 84
933 54
2594 50
637 93
252 51
2031 95
345 63
2290 80
3074 33
3693 62
4095 62
1257 68
174 75
1268 102
819 78
2710 67
4065 83
2275 95
988 96
1456 81
1749 65
3686 88
2388 95
1210 23
3458 63
1902 80
3567 56
3241 34
3143 33
3676 72
931 42
3638 69
2283 23
3425 12
2393 14
897 47
2662 40
620 39
3176 52
765 34
2140 43
361 24
1548 57
1979 64
1196 49
3232 36
520 53
2128 126
3536 69
3689 78
2701 28
3156 52
906 70
149 75
2089 125
1806 30
2997 92
22 47
2323 67
2560 97
494 64
3016 59
530 24
3439 111
2823 51
250 20
1992 77
2922 88
3855 48
1543 100
3165 68
84 71
759 65
57 69
2187 57
3198 42
1535 97
1946 52
814 50
3571 53
1929 57
433 114
1272 100
3740 52
1428 52
286 44
3398 103
2814 83
442 87
1466 61
1621 41
701 95
4047 97
1383 83
1111 64
1351 11
2429 36
998 109
766 75
3163 116
1783 71
440 23
2108 103
1157 98
2223 82
334 68
655 77
2008 82
976 52
3995 19
2688 120
2016 23
3510 56
3953 35
1504 44
1710 50
4090 79
3159 58
239 76
2489 65
1336 60
3341 74
967 93
3420 103
1766 30
3335 41
2047 60
2974 88
1801 63
3673 81
3483 66
3971 24
2464 67
631 82
2940 43
3786 62
813 58
3587 74
2694 49
3021 44
2268 66
2675 59
1303 81
1547 92
3831 74
626 76
2541 48
3119 81
603 47
3354 99
590 24
3274 58
2177 49
312 3
710 104
2716 43
1206 62
2528 81
2419 95
2776 49
1627 98
228 77
120 97
2871 63
3822 21
3540 58
3136 45
2381 69
1636 99
2178 101
3655 43
1532 74
18 100
220 113
112 39
1277 58
505 39
33 103
3025 70
3897 92
1940 68
2735 34
2575 67
894 50
3210 45
2837 76
3369 67
1811 23
3468 22
676 57
938 63
1810 78
1828 33
3407 50
386 25
2126 70
1507 62
3760 78
1420 45
2743 31
2793 30
1138 60
3575 51
909 71
1546 16
2599 45
206 55
290 31
1971 52
882 87
276 35
171 71
1009 52
3685 76
3359 117
3095 25
2043 20
3785 30
1199 46
853 94
342 51
3137 76
2025 34
3999 65
499 60
364 84
2555 59
3701 56
2305 93
3141 90
2957 42
2000 118
780 60
3388 81
767 85
224 41
1018 104
3552 84
1443 54
2761 18
3303 20
656 89
538 74
4034 70
4023 64
3951 103
99 69
50 71
1233 63
1563 26
304 11
920 60
566 70
437 33
584 84
1738 84
1089 50
1562 65
1327 65
2174 68
190 81
3451 68
3281 30
128 38
2545 77
3332 100
2182 79
876 73
3528 36
1517 49
2748 64
3257 40
1161 42
1421 66
1366 34
571 113
1165 40
40 78
2092 24
1838 73
1357 38
541 85
1622 73
1372 86
937 45
1046 54
671 48
1488 71
2196 52
333 71
1325 12
2401 57
4021 81
1364 60
2433 48
3916 81
3706 61
4057 69
3024 39
4068 46
3775 62
1982 52
2923 77
1800 53
3599 115
573 32
1525 65
59 66
928 56
681 101
392 89
700 55
3898 49
1988 68
1027 40
2818 80
2721 37
3244 25
2902 98
1190 39
1877 15
78 72
475 21
213 96
1903 43
1208 40
1647 81
3660 28
3869 56
3077 59
593 53
1393 85
3170 85
2708 44
1969 71
1148 41
1260 43
3444 44
2625 60
1155 19
1022 61
706 101
3178 106
223 93
3805 67
85 114
472 41
3313 61
410 47
260 104
1321 40
2374 69
1104 45
3893 33
3681 17
1394 60
1881 39
1644 34
3234 47
258 70
2918 77
1590 56
151 74
351 97
2907 109
3396 71
2160 42
2780 104
1026 50
1791 58
3975 76
1864 84
1728 54
1384 51
2996 64
1 77
1449 67
2869 50
108 19
3482 36
1640 25
751 45
3967 68
1143 61
1253 74
2807 64
3656 43
2911 41
3174 106
1464 72
517 23
3997 25
878 25
734 55
1388 35
2186 68
3964 70
2965 61
2831 58
60 10
1116 69
776 12
2834 56
2457 7
3514 107
1369 73
3048 44
2332 51
3487 81
3778 71
1050 95
3642 52
2544 51
971 57
2954 105
2746 104
2398 40
2496 69
1663 88
675 55
1296 57
94 61
2495 87
1637 66
3217 31
1182 76
2460 43
3096 30
579 56
1976 114
3538 38
1796 59
4079 89
4067 88
1337 33
56 50
284 35
4089 63
3758 56
154 79
2817 63
476 37
2097 87
1020 64
2214 19
1639 49
1070 72
2711 34
2116 46
1374 106
340 94
2213 54
2715 22
3506 47
615 69
2966 56
1035 60
2438 46
1951 39
3152 20
391 28
3917 45
648 19
2250 58
2010 6
1238 77
3664 37
1690 63
3290 105
261 50
2901 55
3501 53
124 77
265 94
2080 99
1419 33
2514 104
2367 38
325 29
1932 30
3629 81
3069 91
2808 56
1365 60
1062 49
2824 117
3974 68
966 99
753 90
3411 71
1254 85
705 64
902 25
2647 53
610 38
1872 57
3943 39
3992 61
1763 28
3462 25
2118 41
1718 76
778 105
1814 72
1197 40
1680 106
784 70
1034 57
242 90
2605 90
488 34
1787 47
908 20
1175 31
474 21
3104 16
3851 30
1313 103
1686 76
719 87
3455 80
3929 51
2571 65
2690 41
1510 59
373 72
864 71
2762 79
2308 83
176 29
3122 80
1250 75
613 63
3627 45
170 43
3568 41
1122 58
2078 52
904 56
3503 78
1633 51
1768 36
2125 69
3302 62
1436 102
2335 86
704 46
1723 33
3279 98
1113 98
529 72
67 63
850 74
2891 41
824 56
534 70
3131 63
1485 67
2910 87
3986 47
1883 56
2872 43
2139 66
352 78
1551 113
3426 68
4091 66
957 116
1010 80
1743 99
3336 45
3350 79
1279 58
768 46
2779 60
2689 68
2683 75
273 35
3545 27
2310 9
2733 55
1342 73
3146 65
783 46
1282 87
2846 68
1174 20
37 52
1353 82
139 70
2071 118
3145 72
1439 39
3565 93
1286 70
1541 100
3924 75
3682 76
1053 107
406 65
3308 60
3644 44
438 83
1914 100
3448 59
3056 35
595 105
272 85
3275 60
1967 73
3164 53
886 106
1626 41
2022 44
2764 89
953 79
2728 53
3366 71
2950 87
2334 35
2183 70
1790 64
617 55
2836 103
73 77
3465 16
3608 77
3100 84
742 83
3773 49
453 54
4012 59
3489 64
