1091 43 5
2158 16 45
576 24 8
177 37 33
354 54 6
2632 14 42
235 40 23
917 37 53
3328 6 63
357 12 58
1489 15 41
3288 34 21
2601 44 20
708 13 23
1873 44 8
3449 12 1
3976 39 30
3892 47 51
3473 31 3
2892 42 56
635 37 57
1937 63 23
1413 45 23
1172 35 34
447 28 48
3225 30 53
2768 37 23
1786 46 29
1875 36 21
2123 30 52
3890 33 2
2850 7 45
3679 35 60
2789 1 44
574 19 47
2792 22 51
2237 6 7
2397 46 14
2465 22 43
2903 25 61
3460 4 60
2615 54 34
1823 32 4
2410 35 26
296 51 53
2200 60 12
1312 54 61
3970 0 24
2967 30 47
3607 56 11
1868 8 26
2740 6 45
558 53 22
2931 43 39
3708 60 0
1402 4 28
2336 8 35
198 8 49
2259 45 23
3392 25 13
3218 47 55
2396 44 28
380 48 41
587 43 7
3826 57 45
4044 33 54
2058 10 57
1495 63 3
2285 2 43
1128 30 12
3774 51 31
1876 54 25
3690 61 60
948 24 44
2547 13 2
466 54 10
1842 4 59
2328 46 12
3297 17 12
2372 49 1
66 1 35
1497 48 50
3296 40 42
1328 15 22
2357 60 21
1564 40 7
2679 2 51
2096 18 60
3647 10 60
1459 44 42
349 59 41
999 23 57
2755 47 13
685 28 21
3709 16 42
773 11 43
3379 9 17
496 12 57
1192 19 1
722 12 59
1476 46 51
480 3 45
3403 9 11
1335 59 24
3651 35 6
3493 5 48
2983 59 48
3101 15 60
2098 58 23
1247 25 0
481 4 35
3750 63 32
425 50 48
470 21 31
2551 52 20
54 35 44
3789 33 44
196 28 10
569 53 56
2751 10 39
2726 12 20
619 35 7
3753 41 44
2005 12 55
1537 26 48
658 25 9
35 39 45
426 0 14
2920 33 37
419 53 3
3937 1 7
186 8 40
2338 37 46
1006 1 53
2638 23 4
1103 40 3
2994 50 36
3712 18 48
4059 32 48
1176 10 12
990 6 9
2542 10 41
2841 24 50
2835 58 53
3191 35 9
3554 51 6
3186 24 31
666 49 38
197 56 20
2114 10 40
3680 0 31
3711 30 49
1475 7 10
1779 15 43
489 27 12
2019 58 16
2050 45 45
1683 18 44
1890 41 61
3521 43 40
3994 11 26
2953 31 7
372 46 46
3803 48 28
1480 28 56
3039 41 41
3662 53 62
1367 16 2
1415 53 24
1931 50 55
1603 18 22
752 27 52
3811 39 51
2211 9 21
119 41 43
1256 44 1
479 23 44
301 56 26
3978 45 31
2753 21 53
3814 56 16
337 28 28
952 55 38
2143 57 0
1676 61 4
550 24 56
2106 31 4
1252 27 15
2359 45 36
1407 21 18
1119 42 32
1943 28 55
2955 5 10
87 22 55
3942 34 35
2049 44 27
2361 35 51
2512 40 62
2122 2 62
1785 20 24
2299 51 59
1100 53 50
763 7 50
2145 37 46
3868 19 29
434 15 24
3114 49 21
150 17 42
3140 44 31
1441 43 11
2294 21 18
3365 59 56
2747 53 38
2229 26 44
1745 11 4
3828 25 30
2112 31 27
335 40 38
3829 48 32
3416 26 41
3194 52 24
760 12 53
3358 49 38
1757 51 1
1771 4 46
531 47 11
1318 61 58
3342 27 42
1287 54 62
602 6 43
2416 41 53
123 60 25
669 40 37
1322 61 45
772 11 11
3216 47 17
427 46 56
3012 32 27
1672 33 45
336 57 32
8 47 2
825 16 33
2287 62 48
378 22 7
972 3 8
3492 63 6
3723 30 63
2626 27 6
1794 10 45
1482 39 54
2757 30 37
670 25 21
1896 22 59
377 53 5
221 35 33
665 56 15
3450 53 52
3475 6 2
1624 34 15
1231 21 38
1882 14 49
1860 3 23
3285 26 26
3726 5 13
3026 56 2
1463 31 44
1731 31 11
3199 48 30
3422 32 62
1201 56 15
1203 31 19
2242 50 38
630 45 30
2896 45 45
585 11 49
1349 14 58
856 59 36
2992 60 20
2630 6 52
1152 59 21
2218 57 43
2417 43 26
802 26 5
1775 23 24
1036 28 32
61 21 52
2724 0 63
3062 9 3
1028 29 63
1049 25 27
2181 57 11
4084 56 16
1183 13 20
1708 42 0
3187 2 40
2854 31 61
3862 10 8
1061 6 58
3849 51 44
3121 12 45
697 44 7
2499 18 47
1300 43 8
1921 25 53
3269 55 5
3204 10 18
125 5 46
127 9 14
2028 60 24
3966 2 51
1631 44 29
2233 6 41
1900 18 8
3078 48 26
3550 42 16
1792 33 10
3820 50 31
3797 53 28
2944 55 12
17 52 58
924 38 28
3919 10 9
872 14 43
3469 48 23
1297 47 23
0 37 37
315 16 41
2067 16 21
3674 49 12
3631 50 24
758 41 14
3863 4 21
3922 30 19
775 26 42
2799 21 29
2437 9 35
2230 42 60
113 9 40
968 58 53
2771 8 34
3252 39 20
639 20 6
659 9 34
1455 60 46
1824 40 28
2840 31 30
954 17 43
2668 3 41
3661 24 8
2995 57 42
1958 11 3
3620 18 16
2034 30 31
2064 41 9
3410 4 14
2567 36 48
2428 17 10
612 18 48
1355 31 54
1575 55 17
445 47 41
166 48 26
3509 44 23
683 9 34
1486 11 13
926 31 56
416 31 26
375 4 58
652 8 6
3788 51 42
3294 33 35
1867 33 33
3337 49 24
3988 4 24
439 26 38
3589 61 31
3623 48 8
811 12 55
3518 8 16
3667 53 27
2220 41 5
835 63 42
13 6 62
3130 34 47
27 9 2
2851 45 48
2414 48 18
3036 32 30
3511 40 8
3245 29 41
25 1 2
3027 40 54
1400 27 4
3491 18 55
1177 59 61
3761 30 57
146 50 25
2479 2 35
2765 15 18
599 43 4
687 43 51
899 47 3
618 14 36
2522 25 31
841 12 10
2583 49 11
2227 52 4
2441 52 23
1242 15 38
1403 27 34
628 52 46
2048 60 15
1520 36 16
1986 39 2
2935 49 27
2631 22 8
1332 43 31
3082 39 24
692 55 34
2627 7 18
3307 49 39
227 39 54
4078 15 2
4014 27 47
62 29 42
350 63 3
3452 28 7
2351 18 61
3099 18 24
1844 14 44
2322 35 16
363 54 2
1236 53 11
3283 31 36
3138 15 44
730 1 23
3801 49 34
2004 58 17
2898 21 45
3004 23 3
790 36 63
1087 0 36
3228 7 59
2696 35 34
102 26 45
2273 56 52
3704 55 15
3887 25 42
271 26 57
3639 21 0
2895 60 23
2301 6 21
885 60 63
3070 32 42
3246 6 55
147 53 18
1807 24 20
3866 57 20
3266 26 0
69 50 20
1261 35 40
2693 37 3
3640 7 11
2454 37 41
3183 3 1
3733 27 26
4080 8 43
2978 42 12
2352 15 5
1959 37 57
3485 9 40
3053 3 27
3364 15 15
2115 42 63
2532 53 38
2409 61 25
1737 57 18
4087 17 1
106 6 13
930 4 56
2 25 34
229 50 10
2802 51 53
808 56 41
1377 20 47
984 2 27
3617 32 48
622 31 1
2772 35 59
997 1 52
3612 1 42
1804 60 61
3033 42 60
2889 44 22
1150 7 50
1239 62 32
1346 35 30
4094 25 12
1607 24 7
2492 49 53
2819 32 13
2347 15 38
3741 22 39
3533 56 4
597 5 29
1170 9 4
1016 23 60
3546 1 49
3459 56 14
4072 37 50
1302 30 24
2260 21 51
3299 7 42
2456 16 9
5 37 4
2905 12 46
3856 24 15
727 42 43
1944 21 25
1692 17 12
3032 40 59
2570 15 60
2157 38 13
2384 31 53
1780 58 45
4027 12 25
1041 37 34
3380 15 60
3413 55 34
557 51 25
2412 14 51
1015 26 11
987 47 13
3548 45 28
3348 30 47
3944 46 54
3231 54 49
1598 50 14
1008 7 24
3537 26 55
2628 16 59
408 4 36
993 35 52
881 46 53
3939 35 3
3058 60 59
3436 54 32
2288 8 45
215 24 55
422 6 14
3320 12 5
3370 12 15
1031 38 62
3030 22 13
3433 36 12
737 13 15
3637 16 21
1660 52 12
3593 6 32
299 29 53
1450 14 22
1522 23 55
2458 41 62
1040 42 24
2825 14 29
1608 32 47
2800 2 31
2730 10 60
2093 53 53
3471 56 31
2734 35 62
2578 15 58
3391 11 43
1289 55 47
1144 14 62
1025 4 5
2513 43 50
3127 4 41
3739 15 62
1808 32 35
1821 61 52
1795 8 1
1592 51 36
2723 22 28
1591 11 22
2421 17 29
3940 9 36
3321 6 5
1467 54 5
1942 53 44
1221 9 5
3905 9 34
2552 28 41
3867 51 20
1609 0 7
2130 11 60
2952 10 61
556 26 7
253 24 6
1513 58 18
1836 30 14
1588 9 13
1917 38 25
3870 18 22
831 9 2
2579 48 32
1307 31 10
1048 57 44
396 58 2
789 9 13
779 1 41
1993 48 5
3535 3 42
1209 11 19
547 48 40
3057 6 56
877 62 62
1646 40 11
1960 48 18
2959 31 61
1679 18 33
1935 50 36
2371 56 52
2505 10 32
2657 8 46
2948 45 18
2504 61 48
3368 58 42
3151 56 39
64 4 39
1483 55 60
884 23 27
384 12 15
2980 58 7
180 62 42
327 49 47
871 44 31
137 0 13
2813 53 31
2584 13 38
764 39 1
1166 34 55
1623 5 10
1678 63 30
1923 4 55
3457 23 39
4055 24 23
1098 47 28
2244 13 51
2506 24 36
2027 42 63
1154 15 12
1812 11 63
2882 40 1
2538 35 1
4022 31 47
2942 62 35
1848 55 6
1306 49 48
3985 56 29
2467 23 37
3167 9 31
1963 17 18
2534 32 39
244 23 0
689 34 39
404 20 41
944 24 49
940 47 26
3278 29 20
2904 38 10
3563 55 28
1968 51 14
3235 9 58
214 2 11
1565 53 53
3833 49 45
728 21 1
1843 20 21
379 37 50
461 49 50
657 20 15
2042 56 40
2188 47 32
268 21 39
2859 22 0
1734 22 57
1181 29 3
1473 45 43
478 36 27
2648 54 0
3526 40 56
661 20 3
1234 33 30
749 22 46
1283 3 41
837 40 0
96 24 14
65 31 1
1082 20 15
2068 40 46
796 30 27
376 31 26
138 17 56
3956 21 8
3301 20 29
465 35 9
809 50 42
1549 22 10
285 8 7
75 61 20
2686 60 16
2484 34 27
2168 33 49
511 45 55
1696 48 28
3882 8 25
1045 29 14
678 38 53
3928 38 55
281 4 23
3148 7 45
52 40 4
2540 30 42
1381 21 7
726 12 35
791 27 27
629 36 24
1044 55 37
1075 58 34
3859 21 43
1628 55 6
533 44 6
3714 30 5
914 42 29
2036 35 6
2828 33 39
2618 15 39
2493 25 28
3819 35 8
2596 0 54
3980 14 24
3300 19 0
2274 8 21
1502 1 8
3044 29 41
3766 61 40
1453 49 60
1554 26 14
2937 62 3
757 21 34
1542 15 32
563 34 16
2606 47 2
20 18 50
696 32 13
3067 17 6
1830 63 0
2407 58 56
1970 19 61
832 33 0
922 1 36
2554 12 12
3175 59 3
2318 6 1
2703 52 27
3792 20 45
3955 42 8
3524 42 48
2040 34 10
1736 57 15
3094 6 24
3841 35 46
1068 57 7
136 19 47
450 19 27
3738 39 46
1151 5 59
1820 6 57
157 23 9
859 6 24
3827 1 61
3248 16 3
913 46 1
2556 19 42
3756 9 22
1805 20 15
736 2 27
132 5 21
2276 47 17
3710 30 10
103 48 41
1991 44 27
1987 47 0
3494 0 50
2890 28 53
2295 9 39
770 30 1
346 50 54
1858 42 27
3394 13 29
16 22 4
3560 6 22
2191 14 20
2072 47 60
3239 2 49
1448 62 38
507 59 49
3672 11 37
1114 4 31
1618 53 49
827 9 29
3909 52 56
891 51 38
945 20 62
1571 19 29
1410 37 15
1299 33 43
1506 17 53
2402 61 25
2286 10 32
3182 61 24
319 13 63
95 31 23
3636 42 9
289 23 24
3376 14 5
537 40 48
464 53 48
3873 19 18
3431 0 47
564 42 11
2350 53 51
2129 14 25
3087 5 49
303 44 46
632 0 42
2718 26 13
1928 22 46
2491 63 17
2152 63 61
2752 36 2
1765 29 18
3578 32 18
1758 46 9
4042 3 55
4073 30 48
2254 19 28
3691 27 55
3861 35 62
3382 61 62
2475 5 3
3941 9 41
1093 45 55
1474 5 20
1397 18 22
2945 42 61
3282 59 57
2572 27 49
3895 8 34
1587 0 20
3906 63 44
1360 25 0
3983 0 60
3549 45 52
1889 28 52
1703 40 44
1887 32 53
527 15 51
3609 49 51
41 6 17
4050 49 44
2084 20 9
1338 57 22
3318 19 24
2964 22 28
29 27 2
143 6 19
921 54 12
1094 8 36
144 49 32
2156 53 55
2993 10 52
1667 39 17
310 48 40
2639 25 45
366 19 44
1109 33 11
1533 18 46
709 51 55
3212 1 18
2228 3 19
551 27 50
539 63 14
168 52 3
3551 53 31
302 58 44
3727 10 47
2127 36 38
2171 16 28
1912 57 54
3767 41 30
3722 12 40
518 21 24
1581 4 35
104 42 60
234 2 21
88 59 2
3242 52 46
888 53 31
1131 0 25
3934 35 58
3270 33 23
47 14 51
4063 17 40
1390 48 15
792 62 37
1101 37 47
1965 0 7
1092 1 53
1744 16 23
583 22 12
1715 51 2
2553 14 55
1141 57 43
1773 6 14
973 56 30
4000 61 35
2702 57 39
2215 45 46
694 23 18
644 48 55
2671 59 58
2199 56 9
586 27 7
2153 24 50
1438 0 33
3102 31 18
2264 3 54
482 57 15
668 17 56
601 6 21
2564 36 14
743 21 57
1922 52 12
611 36 29
3055 51 51
2933 36 16
1319 29 20
1643 31 0
2777 52 45
3604 24 56
3798 36 15
3993 3 57
890 11 10
1271 14 17
1956 7 35
1610 49 19
264 4 3
1275 29 45
216 26 37
51 50 5
2124 5 18
2687 25 11
3772 56 5
2066 48 34
397 48 14
3153 59 2
4092 34 8
3513 12 2
12 41 7
2927 10 5
3446 56 42
3180 48 0
3987 6 9
2737 51 11
2863 13 35
2725 13 58
996 32 9
1583 27 13
1433 38 40
3291 30 3
3326 37 52
1462 36 58
1273 54 19
1069 9 47
1742 39 33
1494 28 61
1594 26 47
2613 42 12
184 7 8
3783 26 55
2539 33 44
2364 40 34
1457 55 56
2164 38 60
2110 27 18
2801 18 1
3771 25 63
2947 24 24
2272 47 47
3349 48 40
370 13 39
3633 3 49
3962 10 46
3179 31 56
1249 53 27
142 23 45
3169 29 16
2759 15 60
3051 56 41
3155 60 5
1043 33 13
2623 46 63
3498 44 46
1127 22 44
3123 47 39
1997 29 63
2444 10 40
865 5 54
2344 15 61
1577 19 28
663 14 50
2436 24 2
3592 23 50
958 43 29
3982 57 50
2932 22 9
2149 6 30
2481 60 32
660 48 35
2852 1 26
3280 56 9
4069 7 2
2368 20 14
1941 52 34
1145 24 63
2406 12 10
2029 37 48
3901 1 18
1023 19 49
3903 42 1
452 7 18
826 1 21
58 13 41
1414 36 50
1846 43 44
3260 16 33
2502 35 40
1851 12 46
1778 28 54
1086 28 55
2973 50 47
2090 55 37
2960 18 48
3570 35 57
4070 57 6
1695 23 49
1849 58 16
2500 4 16
3013 31 6
3848 2 24
1481 49 48
3883 49 1
3894 25 12
3823 5 19
3904 43 44
3839 32 63
191 44 28
1054 37 3
713 26 9
1385 54 58
114 2 38
3835 15 36
2516 25 11
1580 48 9
458 32 25
1827 2 32
1880 52 32
1396 63 22
994 13 13
1774 27 44
1772 44 37
2981 48 6
1437 9 25
2007 24 45
3345 61 24
1037 35 52
739 36 24
3034 29 22
2262 38 43
1558 50 18
2971 26 25
1888 45 26
1153 45 59
237 58 16
916 59 21
100 43 10
2339 35 21
305 5 14
2103 43 10
4061 35 10
1047 54 18
2521 14 15
961 28 37
723 11 56
1751 56 44
1862 39 9
2652 63 5
23 17 28
2798 24 51
3315 51 33
3384 36 2
2324 33 45
2868 10 58
3622 0 13
2238 53 8
2518 49 61
339 62 56
1857 37 11
822 13 42
2059 19 8
1567 29 14
2816 49 57
3891 35 15
2549 47 48
616 45 5
394 5 29
159 50 33
1835 35 5
1560 46 15
1052 37 41
1981 8 50
3586 26 44
1132 36 49
3914 49 10
2548 49 49
1308 7 46
240 34 49
820 53 29
3054 24 40
1648 3 29
3334 5 47
1193 21 58
2258 46 38
3781 51 49
275 24 25
76 20 3
847 51 9
1651 5 32
3227 32 7
3616 45 26
2176 28 44
555 27 53
2999 44 44
2469 58 55
755 38 32
3014 34 22
3699 14 35
1895 16 42
178 28 35
2664 20 47
3184 6 13
4081 10 35
3371 19 15
3080 29 46
411 21 16
203 46 36
540 1 40
3582 41 10
3047 15 1
2269 56 22
785 18 21
858 32 39
3692 31 35
287 53 47
3635 10 19
3845 27 12
3547 5 0
3373 19 23
2300 15 17
3759 38 4
306 49 31
3716 6 8
1350 18 25
1939 19 63
3090 4 48
2452 25 2
1949 8 22
1957 12 26
297 3 63
2161 36 18
2629 31 48
3378 8 28
1212 52 21
2984 7 23
3476 60 28
793 46 14
848 7 25
1395 46 23
2133 13 43
855 52 28
838 19 29
516 22 9
2144 6 7
1304 1 11
2749 40 11
1404 53 32
3344 40 5
2277 2 62
1863 58 62
3770 13 55
2231 30 21
3858 53 50
430 42 8
1719 31 58
960 40 16
3372 53 23
2082 38 37
2866 23 56
3649 20 20
939 42 21
1225 10 38
2462 17 29
74 18 49
3203 13 37
2617 54 41
2515 36 37
7 34 22
463 55 2
2302 53 26
211 46 6
183 26 40
1411 44 1
1908 24 4
2039 54 44
3329 46 4
3125 53 18
2447 8 27
1434 56 13
2650 46 28
3079 40 17
3298 3 4
2488 53 19
2471 16 33
21 55 16
2109 30 49
2883 9 16
986 4 1
1105 38 25
477 42 50
3912 26 31
544 7 2
2197 34 53
1032 59 42
2717 55 33
1978 56 62
2427 21 46
1677 10 52
217 41 22
3763 62 26
3899 16 9
3877 23 48
653 9 6
2473 8 4
1136 3 43
2239 56 20
1014 63 57
3745 12 21
2081 28 14
732 44 5
3952 3 37
2315 31 58
2770 48 17
1232 3 21
2329 16 22
3481 10 36
443 18 26
2304 21 41
2972 54 47
2306 33 13
3037 41 38
1406 45 32
3144 26 48
698 63 7
3842 51 17
2391 34 51
1688 40 43
3963 29 8
1505 15 34
2365 1 4
2431 13 5
3253 22 9
3338 62 43
2046 33 17
3737 8 38
3135 1 31
3816 38 16
2154 44 1
795 29 17
181 60 44
3730 13 63
2968 53 54
1281 32 29
3190 58 51
1362 37 25
358 9 45
2202 57 12
2582 15 43
1901 8 62
256 40 13
514 63 35
2316 18 5
2463 46 44
1837 39 23
431 10 42
1000 41 38
3409 1 49
141 44 63
1822 40 63
1630 37 50
543 11 20
1781 56 15
509 39 6
3023 56 30
3991 38 28
2979 10 2
3579 2 14
3504 8 0
2991 18 3
731 34 57
686 42 51
2962 58 16
238 18 41
1855 11 59
3002 50 19
3043 32 6
3645 21 8
3356 46 35
2420 57 50
2929 7 4
2243 13 50
2380 1 49
2921 56 35
1219 0 23
3400 4 58
3876 20 13
3885 59 38
2784 9 18
910 12 57
4030 6 56
321 49 58
3678 28 25
598 62 33
956 57 20
2216 13 54
992 40 53
2961 49 13
2682 43 37
721 63 62
122 20 21
3284 30 36
4011 5 0
1693 39 3
121 25 6
3779 50 49
3853 59 48
2198 10 8
362 25 39
369 22 35
382 23 15
2030 28 41
548 1 62
3019 40 10
840 44 12
2938 62 35
1761 8 25
2543 62 3
724 15 12
3525 18 6
1777 41 0
2411 55 47
1700 7 57
774 26 16
3728 20 38
3948 20 58
3386 43 8
3461 2 32
2908 2 35
1323 38 61
195 10 43
63 2 33
405 21 12
2113 1 61
3969 57 14
3081 62 8
2812 60 37
2783 36 45
1752 37 21
2705 47 11
3419 58 49
3006 37 7
2291 54 17
435 27 32
1649 23 63
1077 51 7
4041 43 38
2508 11 43
2875 29 1
3375 31 57
2970 42 62
4049 13 7
1561 8 46
109 4 45
3624 14 59
1721 8 40
2247 40 62
915 38 10
1472 59 1
3390 1 3
3574 49 31
2024 39 55
2797 30 48
2844 6 0
2742 17 48
3387 23 58
1904 38 37
1264 11 55
3046 24 63
1711 50 12
3103 21 37
1371 9 26
646 62 12
873 16 56
1884 3 38
3324 34 15
2172 61 21
2403 35 56
718 7 49
1106 27 26
1933 57 48
3383 14 6
3930 55 38
34 56 19
1701 36 26
3230 48 25
1552 54 20
133 13 32
1317 43 33
800 57 49
210 55 28
2774 1 35
2587 13 39
3020 52 20
738 19 33
3990 14 43
851 48 52
2919 55 19
892 5 53
756 25 33
1004 52 21
1262 21 24
1501 56 2
1674 25 63
2292 3 57
1573 18 55
2219 42 38
3312 0 28
117 62 15
577 20 13
1140 9 21
2714 9 2
169 17 6
2192 42 17
2788 62 34
204 1 15
560 17 52
1200 1 36
3414 60 14
2805 10 53
3654 46 28
3731 62 20
2257 14 8
2829 46 27
3618 46 3
1852 40 40
401 48 34
3289 44 38
3189 17 31
1664 50 43
2595 28 54
3008 46 29
1011 38 48
1079 0 41
1641 33 39
1619 23 58
2503 33 23
400 42 2
2986 52 54
605 21 0
2634 58 31
2248 0 60
506 13 20
353 45 42
2006 49 58
607 31 0
1379 40 56
503 40 22
3555 30 16
1526 13 34
3840 21 38
715 1 11
1478 43 15
3443 51 52
1117 14 32
3200 56 5
3721 23 36
2232 31 62
295 56 62
2597 38 4
747 17 56
1670 54 35
1553 16 41
1422 60 60
3596 31 35
1220 8 46
2340 50 44
3595 39 20
167 35 54
2383 23 42
3821 13 19
3543 24 12
2581 30 27
3113 10 60
3523 47 3
3049 54 19
1120 63 55
2697 13 31
3071 51 36
2767 17 46
3133 22 7
1207 22 12
1227 62 62
3440 33 50
1064 59 30
3496 7 33
4071 45 24
741 34 30
2311 39 53
1211 52 29
164 13 1
4082 57 35
2159 20 60
2520 24 20
2389 2 62
3615 9 49
1295 33 33
145 28 38
2600 56 3
2069 28 13
1675 39 16
490 15 42
2026 6 4
1316 1 22
1291 13 43
2204 53 45
1194 51 58
2476 24 57
1586 48 60
2590 7 48
592 43 49
1866 1 7
1013 59 55
688 26 16
1727 57 39
1222 49 23
1460 36 37
1147 63 35
3173 52 4
2732 38 24
3960 60 39
3120 1 57
3836 38 61
2672 20 33
970 11 0
236 58 6
2480 49 43
300 0 6
414 61 30
2604 50 20
991 11 17
1180 62 20
1915 22 31
2327 55 59
2404 58 28
1523 0 5
3139 5 44
3091 33 19
854 13 37
2915 34 4
672 26 30
1298 56 47
963 15 25
3889 10 48
155 37 35
3362 24 57
446 33 54
1733 41 51
395 30 11
1625 27 13
1512 56 48
1215 41 14
638 14 37
3818 55 14
650 29 30
861 16 1
3423 60 35
3142 50 52
2653 42 27
3118 44 16
3911 1 4
3796 52 48
3261 34 21
3512 14 12
1081 60 32
834 5 24
927 52 3
3965 59 36
2781 58 20
981 42 60
3201 21 5
3591 35 55
2426 49 13
3223 40 37
3202 61 61
863 26 3
1315 58 11
2862 40 22
3213 42 32
805 14 51
1874 57 40
365 62 12
417 32 30
3653 9 56
4051 29 50
3185 43 46
1661 16 54
3884 42 42
2341 32 59
2698 35 6
3196 36 55
1989 8 56
3045 13 25
1134 60 61
4085 22 63
111 18 29
3936 24 6
1380 21 63
959 2 42
2989 54 39
3072 18 21
1817 8 14
4024 12 46
2162 6 27
3339 20 13
2076 15 26
1818 49 28
512 27 1
1169 2 11
942 63 61
81 52 17
2337 40 53
3628 16 0
667 36 33
4037 26 24
192 55 37
636 23 29
3177 49 23
2720 4 49
3221 37 6
2641 45 4
90 23 62
2559 4 32
3250 56 32
11 21 57
292 43 10
1309 55 35
2577 43 53
451 12 58
818 59 59
2167 46 8
1408 6 6
4064 48 36
200 28 39
2013 51 24
500 7 27
46 42 3
3265 45 56
3847 13 34
3559 62 46
257 4 36
1568 48 2
403 43 8
1354 7 41
1373 4 46
1442 46 4
2472 62 60
2821 26 29
3347 38 28
3208 51 32
1802 19 62
1813 59 35
3594 24 61
1740 26 15
3777 56 16
2645 22 4
309 4 22
519 53 21
3404 46 1
1265 37 31
3001 48 58
3881 7 52
1767 26 25
1293 59 48
1038 11 50
2057 18 40
1735 27 50
2669 58 20
3168 36 17
1954 17 36
3900 30 23
1216 55 5
201 40 62
4032 56 10
1259 35 45
1878 50 14
2585 51 11
230 32 3
3075 58 36
1445 28 14
3258 7 63
1237 18 15
3918 34 26
575 44 26
3694 19 61
4045 14 39
3715 57 12
2146 15 12
4031 41 47
3768 18 36
2296 54 40
194 45 48
1642 8 22
1359 61 16
2065 45 30
4028 25 38
2151 11 26
1204 17 12
389 6 10
1223 0 20
508 44 19
4054 57 38
402 53 46
2104 1 1
1550 56 25
4017 6 22
460 5 13
2700 42 6
1334 6 29
1519 7 24
3675 45 26
9 31 2
3470 48 19
3584 29 54
1083 18 40
2363 35 60
978 18 7
3276 63 8
762 37 20
2642 31 48
735 20 50
412 9 36
844 56 9
3435 19 7
1278 0 25
185 46 8
3583 9 32
4005 31 18
754 26 23
3658 7 50
679 30 28
1840 23 62
3442 19 12
1712 6 51
2497 41 30
2928 24 10
2877 10 34
561 4 31
823 13 52
2052 37 63
606 25 42
2395 2 49
456 0 63
2155 30 0
2032 23 19
2643 6 25
2535 18 36
2038 61 54
3022 53 29
3588 31 15
1269 35 4
3424 58 48
1760 44 9
1650 44 11
2175 13 36
1662 43 3
355 5 17
1579 2 19
2656 28 47
3149 35 38
1500 44 10
1135 31 42
1952 34 8
205 20 43
3896 21 44
3154 25 35
318 35 63
1685 31 44
3613 39 26
1689 21 31
3748 40 0
2422 35 24
2958 41 25
454 59 44
341 33 39
932 16 31
3920 41 2
1669 54 2
2888 44 59
2185 29 21
3466 30 43
1348 15 60
1240 43 28
3305 26 24
3666 10 56
1534 25 20
1984 14 33
4019 54 18
3412 22 0
270 27 61
3522 50 39
3474 33 61
3035 59 13
682 14 63
1498 2 36
247 58 42
1613 46 25
1924 24 31
2658 5 62
2012 21 29
3331 9 3
2914 33 61
3610 46 33
918 39 7
3207 33 5
2848 25 61
1605 43 50
1398 57 30
950 9 58
2569 16 8
2916 27 36
1033 15 17
857 43 9
1108 54 22
1085 44 23
2033 49 46
1493 58 14
4008 28 36
152 11 51
2326 29 15
572 4 25
2832 31 12
1555 52 44
3505 30 21
989 8 52
2313 44 14
1927 55 4
1102 62 12
1056 37 3
3832 8 3
3665 10 55
1925 16 31
554 39 36
946 29 26
2531 56 1
44 26 26
2208 50 15
4040 11 33
3541 35 5
866 63 32
3846 56 35
2358 24 45
3417 6 56
513 23 60
38 32 33
2519 16 60
1508 2 26
3516 27 62
2413 49 20
3601 22 14
699 13 55
2102 55 17
4036 42 10
2536 51 36
2314 36 51
3619 59 44
347 17 16
624 31 43
1698 15 26
277 59 41
1159 37 36
1363 33 50
1666 18 55
3405 30 60
2356 47 26
385 12 53
799 53 27
49 31 51
3454 56 29
3467 54 39
2234 42 37
1435 13 58
1110 15 50
3193 44 43
3670 52 8
2592 34 41
2445 57 55
1652 51 53
2897 38 7
3150 15 0
2063 10 48
1681 53 56
2442 61 52
1469 11 52
1270 10 58
1953 8 56
1375 1 62
2885 49 12
2390 12 4
3946 53 54
3357 6 62
1511 47 24
845 43 4
1516 10 3
1977 2 12
2511 51 59
2041 24 20
2826 10 32
3385 63 1
3843 37 48
1916 23 61
1060 1 24
1826 24 51
3333 11 13
89 38 4
3888 51 45
1490 23 3
444 17 51
3477 17 60
1465 31 2
2348 58 31
329 36 49
1179 51 53
1724 41 6
980 3 28
3111 43 16
218 8 0
2766 12 6
1606 50 25
2791 16 45
2860 27 63
1251 60 55
1095 22 19
2020 32 45
862 7 20
1088 1 30
3989 32 32
3157 15 29
2680 22 51
707 34 27
2044 44 25
3438 4 29
2867 2 4
3220 60 8
2739 30 8
2738 44 18
4004 46 6
1784 58 42
3902 38 10
2193 7 60
2806 51 33
3668 35 53
1754 56 19
2249 8 35
3314 46 58
3590 40 1
1617 54 34
949 41 40
975 7 41
3807 45 42
2523 19 52
625 39 60
1347 7 59
1294 61 44
3306 16 49
162 3 60
3687 45 50
869 7 52
3585 40 61
2951 46 52
2217 1 60
331 1 5
565 58 1
3464 50 7
1559 58 50
246 38 0
609 37 50
2640 45 2
3539 60 15
3089 61 17
2014 55 54
589 39 25
641 32 30
684 13 26
3765 16 9
1156 46 12
110 44 33
4053 21 27
1635 56 46
390 63 2
1386 37 33
3188 30 45
2731 5 26
2333 13 26
2602 59 5
3519 11 7
3729 52 46
371 55 14
623 34 56
1235 2 10
2736 1 53
1972 59 42
1809 16 39
3663 20 46
3700 58 3
1124 30 47
3532 32 9
3015 63 61
2107 56 30
2517 5 49
2930 7 14
2165 56 5
3486 14 30
4052 58 10
283 23 62
2369 37 9
3110 22 8
222 23 46
3418 17 14
2330 15 44
3621 25 62
344 11 12
1684 24 28
3520 41 24
471 61 62
3698 10 26
2236 31 35
182 37 50
1528 21 43
2527 58 12
2321 37 52
2461 22 23
1202 46 5
2612 53 56
1934 36 63
1142 24 44
849 27 41
1186 20 15
2346 50 28
423 9 63
1869 48 20
907 48 4
2366 31 29
1205 27 46
2487 16 37
889 19 55
642 58 13
43 22 13
1602 62 57
604 37 26
748 43 58
4026 16 15
1829 25 38
313 11 50
744 57 2
1527 42 38
3804 46 5
2132 62 62
3921 18 29
880 8 4
2180 4 38
2562 22 28
1897 5 8
2550 18 54
3073 37 46
936 40 46
654 33 55
1492 62 14
3134 56 2
83 23 55
2985 11 8
2804 4 62
231 59 26
836 9 44
725 4 26
3463 50 25
1638 17 15
3353 7 30
3950 51 62
532 42 16
2394 21 61
3949 46 6
3059 17 12
1451 7 17
3415 47 33
1333 56 0
673 44 54
3834 63 21
388 35 8
3671 29 26
1985 14 6
3959 61 32
3271 13 1
2775 15 31
1746 17 8
3996 61 56
4086 56 60
2794 63 34
2913 18 57
208 0 43
3945 61 61
1885 43 53
2786 55 51
2568 25 44
282 59 54
2839 1 30
3527 60 52
3316 36 9
3907 27 27
3277 23 52
1709 0 31
4009 49 39
2976 21 7
3764 37 22
977 31 14
3437 24 23
3732 46 39
1815 32 1
2745 39 46
262 41 27
161 53 15
693 55 17
1447 33 37
1189 17 54
974 22 63
3209 51 32
3556 63 12
1063 37 16
2439 19 34
1658 43 22
2886 43 14
1856 40 23
2598 58 8
2474 15 25
2699 26 18
929 1 57
807 47 34
3197 62 53
1634 31 34
1831 36 13
1691 38 43
1376 45 16
15 37 19
2924 57 52
2881 3 33
2267 21 42
962 49 59
4016 14 2
254 25 45
3268 41 52
4020 53 48
2263 31 41
492 29 17
1769 7 16
1919 45 50
2147 39 36
1130 18 0
3957 20 55
3317 28 16
2360 19 12
3172 36 7
2212 57 10
3237 25 3
98 50 1
3355 15 30
1950 20 50
1343 49 44
2017 8 19
3108 44 9
82 32 61
2137 63 53
3064 15 24
455 63 32
600 10 29
3752 6 40
1424 37 44
2941 22 41
3695 47 26
92 55 33
3984 11 52
1936 2 52
1717 30 27
413 7 12
504 42 55
1329 27 49
2373 52 54
2849 61 39
3630 8 19
1899 8 0
3515 17 4
1732 32 39
591 33 61
3374 52 62
3794 54 9
2392 39 16
1112 3 11
3010 20 39
1574 13 62
2284 35 3
1850 30 44
1536 12 8
4046 16 26
3255 25 18
3947 27 15
374 34 25
2015 30 57
1789 8 28
209 3 0
3083 52 45
1195 43 34
1039 33 41
3795 51 17
3837 25 63
241 37 35
2135 40 31
578 39 7
2189 15 1
3935 59 39
2925 20 41
1137 54 48
320 47 49
729 41 43
769 53 21
552 17 23
2021 58 13
2741 37 4
2446 44 10
308 11 51
2833 11 4
745 27 53
2842 53 32
3743 58 8
2787 19 45
2077 48 42
4083 14 48
2695 36 58
3097 0 60
3088 15 5
2884 26 0
2293 37 53
875 38 51
267 48 1
1007 4 36
2009 44 4
1074 59 34
777 52 55
1975 59 37
2659 13 61
77 3 31
3340 12 34
1653 54 7
829 39 21
1452 48 53
473 24 43
2827 51 14
985 15 5
2873 19 54
2331 56 59
3406 9 20
1426 27 14
225 35 25
815 29 10
2906 61 9
3573 32 0
2424 20 12
2434 58 42
1389 55 5
1417 19 42
1324 47 62
524 22 59
415 34 43
3611 38 18
1458 50 4
3703 15 59
3684 37 11
934 33 29
2035 12 15
1816 31 9
1879 19 49
3031 59 43
1241 55 39
1078 1 52
3003 18 35
645 14 20
1530 46 59
3128 46 7
2614 53 6
640 48 52
2926 36 36
2588 54 45
163 43 6
3240 44 47
690 8 5
1344 56 6
782 35 55
160 48 35
1990 40 52
1673 49 18
1720 13 55
2878 11 52
2278 43 48
2142 27 14
1891 40 55
3776 33 26
2083 60 26
2056 20 51
39 3 26
3648 0 16
232 51 4
3697 51 45
2085 17 17
3361 4 16
870 33 37
3105 48 62
1962 26 10
1164 13 41
3780 0 22
2661 34 59
3327 61 58
317 43 8
71 11 4
2975 51 15
1782 1 18
1444 44 52
1163 56 6
326 15 30
2509 56 52
3488 37 48
614 7 7
806 2 12
911 10 20
202 36 28
2141 40 46
2240 31 37
2963 34 7
3343 17 55
324 52 36
1518 30 4
833 56 21
1146 42 7
2450 43 27
2477 7 30
594 61 52
3247 57 4
1051 59 5
1461 55 56
1115 7 47
3782 62 61
3844 61 12
2526 15 3
207 55 14
2900 9 14
2001 14 11
3346 37 35
3850 57 46
1898 6 10
1305 20 35
3815 43 61
4013 46 52
1702 54 7
3696 29 37
3478 59 14
245 9 59
3754 34 26
1160 23 22
1107 52 34
1477 53 18
226 29 20
1288 54 11
1632 56 54
2782 25 47
6 38 52
3325 11 5
2610 18 16
919 61 11
1405 17 32
1585 7 22
1185 26 12
2037 30 27
501 50 16
2312 30 0
2423 24 16
2207 12 29
2946 52 4
428 59 40
1084 16 20
714 1 35
24 59 34
3395 14 43
3041 1 32
883 46 6
3214 60 33
3042 24 35
175 25 46
3825 54 18
449 36 4
3872 44 52
3558 6 11
1503 35 24
1994 61 31
1454 24 39
3116 36 54
1655 39 31
3632 21 5
3124 22 51
135 16 1
4006 59 47
2633 24 43
1066 38 59
2778 29 1
3577 54 47
794 23 56
3211 13 23
2909 52 2
3219 6 59
105 43 30
2525 48 20
925 27 55
1320 42 63
2845 18 41
1730 29 42
1615 2 56
2681 42 56
2785 46 4
1024 3 17
1729 36 6
3954 54 25
979 21 46
189 52 53
356 41 61
2558 32 38
1072 28 17
2415 12 16
1920 21 56
3646 31 37
1310 10 7
2073 29 45
243 18 32
4076 43 24
1576 41 33
797 4 14
2760 9 52
3808 43 50
3107 42 20
3272 43 31
1071 31 60
1479 6 61
1263 48 9
259 53 20
2241 60 6
457 22 16
269 17 8
1995 4 59
1280 54 4
4018 3 18
3659 42 40
905 51 1
3029 8 24
274 62 45
187 21 8
1214 40 39
381 48 54
328 39 50
1854 29 42
3441 11 16
311 51 20
3233 5 33
1870 46 34
733 58 39
93 2 49
1595 55 15
3480 34 34
1005 40 7
1356 28 62
3557 61 33
3784 47 55
4060 36 2
1430 6 26
1276 27 31
2345 54 0
3534 59 2
712 43 13
2354 6 20
4 8 12
1076 9 8
3606 21 12
4035 43 60
4043 29 55
1217 8 26
3098 49 41
3677 9 15
900 18 49
3720 35 51
323 56 0
2956 61 54
2510 15 21
3981 33 30
4029 26 38
3287 33 25
2727 20 6
1266 30 11
1544 31 25
3397 41 39
3065 39 22
912 39 42
393 29 57
643 35 31
2138 44 37
1980 47 10
4038 37 28
3860 20 40
2744 32 63
2943 28 12
3724 35 35
943 6 17
3641 35 1
1162 33 23
3229 41 21
4056 53 29
1244 54 5
2091 29 55
1865 32 51
3973 25 48
2074 30 38
1378 4 62
2815 4 9
1999 47 55
2255 63 62
1756 5 12
3499 5 34
3802 23 16
1121 2 9
1886 61 31
1853 34 28
1911 59 33
803 1 8
2303 36 16
2222 7 45
307 61 61
1484 48 2
2998 53 60
3769 2 27
1601 0 35
1859 13 44
485 54 43
2678 18 46
2099 59 31
3979 7 10
995 22 35
955 45 32
4066 52 8
134 35 22
3830 9 48
1099 45 55
2982 43 22
3267 41 0
3961 63 33
1423 8 2
129 42 27
1168 47 48
3323 5 31
2646 3 61
3011 9 15
816 58 21
4039 0 1
1682 4 59
2376 19 60
1387 62 44
2282 32 59
2811 36 6
2939 1 39
3215 5 45
97 29 17
1019 20 18
2051 38 34
1368 37 7
2608 57 35
1892 35 53
1125 30 9
3304 47 4
2120 20 33
2684 34 38
817 58 27
4003 32 50
2879 36 56
1750 50 11
549 63 62
2265 45 8
1699 34 40
1184 11 16
2252 51 33
2111 28 51
2169 41 62
1947 20 29
3061 14 6
1668 1 51
486 12 20
80 21 42
2062 14 47
2088 55 25
570 42 45
3421 13 31
1832 15 9
2002 22 32
2079 20 29
172 21 1
1171 4 58
2095 12 42
3542 50 61
399 0 43
1671 7 3
1149 17 57
3319 58 21
843 32 36
165 7 32
115 38 8
1290 50 21
468 29 24
53 11 54
1065 4 62
1001 55 47
188 30 24
1487 2 15
2184 35 35
462 61 51
2706 60 24
1893 0 4
1604 50 53
1057 27 0
502 44 6
2574 13 41
787 3 18
2451 16 31
1521 26 7
1797 31 39
173 10 24
2190 8 8
3566 27 9
1596 46 62
717 62 29
1582 33 1
3744 14 52
72 55 25
1620 15 22
860 57 49
662 40 24
2377 5 47
86 28 38
2362 20 32
553 11 18
1725 62 18
3243 45 23
2603 56 26
2580 51 42
1248 43 9
2320 0 39
1243 26 15
562 6 4
1799 48 30
2507 54 51
2586 0 40
3910 49 50
1514 28 11
3871 28 44
3310 8 50
528 13 27
3311 37 4
2018 21 27
1392 3 49
3161 58 63
2533 1 20
3926 5 35
3249 39 41
2443 21 17
3447 27 26
3158 36 17
702 12 49
491 45 45
546 46 55
3147 22 18
1399 43 4
3968 8 29
3800 38 5
348 33 6
680 31 35
3705 12 19
1529 1 21
1358 41 54
3751 16 38
2379 56 37
1656 35 17
3791 28 51
448 22 60
1713 48 38
1515 56 60
1572 29 38
3007 62 50
2621 22 28
3824 32 46
3576 2 11
1370 57 24
1847 18 36
2418 48 34
2620 50 54
3806 32 60
28 61 5
1090 18 41
4010 61 3
3115 46 39
3603 46 44
3352 62 34
2134 27 11
1425 45 11
3429 56 34
1600 40 56
2622 18 13
1002 20 52
1825 34 18
4077 9 32
2235 9 24
3399 22 34
1258 14 35
2387 29 3
703 43 12
1798 22 29
1499 11 21
3531 52 39
2317 58 34
1427 0 15
3192 11 3
3428 17 52
101 63 7
3923 33 42
79 21 43
1284 43 6
1524 21 1
2546 60 16
1330 20 34
131 31 4
3634 22 0
1918 63 7
2719 51 42
1566 38 24
559 5 10
3702 16 1
3958 46 55
1030 17 55
1470 26 46
2399 8 59
3650 0 8
852 59 5
130 45 62
3479 46 48
2256 32 59
3553 25 52
2246 17 61
2353 13 60
568 26 48
1762 26 56
2676 24 33
2087 10 25
3838 36 45
2667 7 58
935 39 50
407 24 54
2483 50 39
2830 44 23
1361 43 60
588 59 21
1218 16 30
1871 15 23
2094 36 37
293 2 7
1788 39 4
2756 29 33
1926 51 61
1012 45 48
1839 49 2
2529 29 63
1833 8 9
2763 2 4
3351 35 61
3000 47 45
711 23 13
2674 6 11
1905 22 59
647 28 60
2486 56 35
4001 55 50
1570 28 45
2053 2 12
1707 25 59
3605 12 46
522 19 39
2692 23 15
2253 54 55
332 19 26
3688 60 61
2573 38 34
1097 46 22
898 39 25
1955 4 23
3393 29 24
771 55 52
3600 63 52
409 8 10
338 17 5
3206 9 3
2990 57 18
3005 35 10
359 19 8
1382 41 54
3742 14 30
1198 11 4
3865 53 7
2864 47 52
2221 34 44
1326 0 62
3544 17 58
627 58 6
2635 16 1
1285 10 37
1973 59 20
1429 51 21
2636 57 61
2704 39 9
2319 9 35
3171 47 36
298 37 10
3251 21 22
3309 5 54
2440 16 10
3669 23 16
2195 29 37
2899 20 35
3259 9 1
45 25 48
3793 16 43
3402 47 45
3445 56 26
116 0 56
424 4 31
964 6 1
3050 0 45
1003 5 55
55 8 28
1042 44 30
867 33 30
2563 6 22
48 4 59
1340 12 11
1345 42 54
608 1 55
1274 52 44
383 26 24
1569 22 3
903 38 6
515 32 46
1996 31 26
2298 53 55
126 55 44
3181 5 13
233 6 31
2307 9 11
1657 9 24
2280 40 45
842 48 48
3530 59 22
1129 13 53
2917 1 13
3093 51 24
3878 47 48
2822 46 1
1961 45 41
31 57 43
3908 39 57
2468 13 1
2677 51 44
2003 63 48
2425 23 15
1748 3 17
1446 35 37
3132 55 43
1938 18 42
279 33 2
2166 34 3
2855 12 42
1067 20 7
3430 1 35
1611 52 7
2637 8 3
1747 41 17
2408 13 21
3913 14 3
1255 18 52
2070 15 18
1416 56 17
4062 26 39
2342 3 15
1245 9 63
3931 59 45
2722 22 23
497 60 49
2810 11 20
1755 30 47
1998 61 52
677 53 0
2876 27 14
3719 59 10
2224 38 59
278 11 29
2790 35 29
2405 2 20
2566 10 51
179 51 29
1230 27 44
421 20 22
2289 55 53
432 43 51
3166 31 12
4048 62 12
2205 46 18
3500 34 51
923 16 17
3707 54 61
2624 1 1
314 0 9
941 53 22
467 43 23
1556 54 26
3256 39 53
193 49 53
3381 24 37
156 42 15
1759 30 43
3264 50 7
4033 22 27
1391 48 60
983 35 18
1301 29 37
1021 40 9
2847 2 40
26 23 32
1907 31 59
1948 10 54
3117 18 42
2210 10 49
523 40 44
483 40 47
1841 56 23
3038 14 2
1629 57 13
3879 32 33
2075 4 24
3453 19 38
2673 56 31
634 9 25
1311 28 18
3085 53 29
761 29 58
2796 45 17
441 3 3
2524 21 1
821 61 19
3799 33 62
649 48 9
1491 50 30
1906 15 32
1123 27 43
1401 34 7
1705 43 11
2490 14 51
1589 17 6
3367 58 32
804 54 15
3490 24 41
2245 54 48
1224 14 27
2101 59 42
1126 27 34
280 60 55
2691 52 11
3162 13 3
2435 2 53
1964 50 1
3713 10 4
2561 1 7
2838 37 28
495 22 25
951 5 2
3017 20 62
2375 57 13
1930 43 1
3854 43 13
982 31 27
3238 32 47
2226 18 49
1440 25 56
199 33 58
2874 53 36
2023 32 55
2459 48 40
536 14 49
567 28 1
493 34 3
3028 39 28
1545 49 10
2297 17 21
1409 52 10
2349 58 20
2453 26 19
3295 58 28
498 56 31
3625 1 3
2270 48 45
10 29 25
1584 46 27
398 40 3
812 38 43
1292 35 54
3755 47 38
695 2 1
3377 43 31
3562 14 21
3852 36 46
68 36 2
1974 37 5
1803 12 30
3084 25 12
1412 2 15
2382 3 39
3817 49 29
1539 57 42
2589 53 8
360 45 7
32 10 19
3112 51 45
3757 63 43
1339 40 48
2530 3 26
3508 13 8
2934 43 24
3195 49 6
2325 2 33
3864 47 31
1531 44 46
3746 18 52
3273 47 22
2355 15 14
291 53 59
420 28 11
879 30 23
3226 53 46
1894 41 14
810 55 21
219 39 37
2343 53 27
2655 56 23
3293 12 38
1726 48 44
2660 12 1
1665 55 54
4025 50 40
1739 35 60
781 36 17
3787 29 17
2949 35 29
839 60 11
418 10 45
1706 43 11
1432 47 34
2225 27 2
2894 29 28
2988 0 30
2565 18 24
621 28 33
2893 11 46
3052 41 47
3735 48 31
459 36 47
2163 39 30
1229 60 8
2150 19 3
1913 0 37
1704 36 3
1538 51 17
2279 15 60
3434 0 60
3933 14 31
436 51 20
580 21 2
1741 14 54
3749 56 61
2649 41 14
3076 21 47
343 61 57
3529 31 18
2105 22 0
1793 60 33
1770 24 63
1188 62 6
691 20 49
255 53 38
2537 50 50
2557 29 24
2870 48 38
868 11 54
828 15 38
3927 34 26
1431 3 20
3322 10 47
3652 0 58
740 8 51
4007 47 38
2261 34 18
3734 51 5
2466 50 5
2820 59 22
4015 53 1
3561 53 34
4002 37 61
288 11 5
1764 58 43
3254 37 2
1578 4 0
36 20 50
887 13 13
3938 19 43
19 13 21
3977 3 43
1714 29 52
1133 29 18
2386 48 59
3932 44 36
2607 14 11
3925 11 9
2644 23 9
3857 14 12
322 23 26
2119 18 41
2912 26 59
716 43 47
1187 18 47
2809 54 55
2857 11 12
893 52 19
3683 37 21
2478 31 10
2470 49 36
1966 49 27
212 3 52
1314 38 19
294 39 34
581 35 43
2713 54 47
2987 26 41
3068 51 54
2385 19 41
2969 37 18
2707 59 55
3086 23 36
1687 59 60
3484 25 0
2432 41 58
3813 11 59
2769 5 7
249 41 0
2858 14 27
42 59 42
3809 24 32
1228 23 31
2448 41 49
3222 6 6
2086 8 19
1468 48 53
2011 12 31
107 36 38
3427 58 59
248 1 61
429 24 48
2136 34 18
2880 28 58
3915 35 11
664 49 36
633 42 22
2498 63 54
526 4 7
1722 54 7
3507 27 31
1614 14 59
1819 0 59
1861 51 41
2206 17 19
2758 24 39
4074 29 19
2121 47 14
2201 16 39
1697 34 24
2209 33 25
2370 4 57
2501 44 39
487 11 35
3 33 12
542 61 52
535 21 49
1055 29 59
3998 3 24
1139 20 31
896 62 13
469 62 60
3880 4 40
1654 25 9
91 4 9
3581 12 0
525 16 18
3066 45 60
2853 29 19
2712 61 63
1909 47 44
2455 59 21
2593 14 29
1845 0 33
367 41 26
1191 43 31
2281 52 34
788 6 52
1776 54 23
1557 52 28
2170 50 30
521 19 43
3106 2 24
2309 58 46
3572 31 8
895 53 62
874 27 46
2131 10 37
3602 6 31
330 45 33
4075 22 61
846 53 24
3363 40 38
2750 1 57
750 55 55
2117 40 36
3810 26 11
30 16 58
3972 14 34
2060 19 5
2055 52 59
1167 19 50
2054 57 6
2663 2 28
1213 44 24
3236 28 57
2203 15 48
3717 16 26
2194 20 27
316 26 20
1158 44 35
3657 59 0
3472 34 56
3040 16 57
1017 12 5
3330 15 13
3762 22 42
2400 48 48
3790 43 1
2729 51 8
2856 35 4
3292 1 9
1983 62 47
2061 56 54
674 6 42
2266 53 7
3360 49 59
1059 52 7
2651 3 50
3497 3 43
1352 22 63
3456 46 53
3597 44 50
2045 45 10
1341 50 5
2670 17 45
2754 26 18
651 58 20
4093 0 35
4058 1 61
1597 24 21
3063 15 41
798 62 14
2430 36 43
1509 18 22
4088 55 24
1267 14 56
1058 30 10
3092 47 59
3502 27 35
1616 38 32
1178 51 54
2482 10 23
510 5 43
1246 39 9
2803 29 37
1612 45 49
3262 62 24
786 29 28
2773 48 48
2148 46 53
266 58 62
720 30 27
1645 6 5
1226 26 36
3564 43 60
3129 32 37
2843 49 21
3886 1 61
969 32 61
2977 61 2
3009 2 13
2795 56 51
3874 8 30
148 24 34
368 28 17
3060 19 29
3263 30 33
2591 29 62
2173 19 30
140 32 3
830 14 36
3408 25 24
1945 33 26
3812 15 2
3109 12 62
2685 59 63
3205 12 52
118 24 5
484 7 23
947 12 10
545 51 58
3224 2 47
1694 31 47
1599 48 7
3389 61 13
582 15 62
1418 29 13
3569 15 4
251 23 40
1096 0 49
3643 2 26
3126 35 0
2251 34 13
2865 58 13
158 54 54
153 8 2
2665 57 37
3580 35 29
263 56 27
1331 47 10
1716 12 13
2611 35 51
1073 18 53
3018 33 0
3875 22 61
2666 1 25
1029 38 11
3614 2 4
2485 5 54
14 12 56
3736 13 30
3598 1 46
801 24 16
2654 16 13
3401 31 55
2179 41 9
1118 42 47
2378 47 32
3160 60 52
1471 21 52
2887 40 32
3725 25 63
2936 0 50
2709 23 2
965 37 47
1910 43 15
1834 59 31
596 51 55
3495 8 29
3718 41 21
3747 22 33
901 49 25
2271 9 53
2576 44 54
3432 1 38
1496 12 21
2494 0 2
3626 45 39
2100 2 36
746 7 33
2616 38 0
2861 58 33
1080 8 0
1593 42 61
1540 45 0
1659 35 55
2609 23 29
3286 60 4
387 51 57
2449 49 27
70 16 5
3517 16 42
1173 31 33
1753 46 34
2619 42 42
933 48 6
2594 35 15
637 33 60
252 0 51
2031 40 55
345 57 6
2290 27 53
3074 18 15
3693 58 4
4095 41 21
1257 37 31
174 43 32
1268 61 41
819 29 49
2710 25 42
4065 34 49
2275 44 51
988 43 53
1456 24 57
1749 23 42
3686 35 53
2388 50 45
1210 1 22
3458 14 49
1902 20 60
3567 27 29
3241 19 15
3143 15 18
3676 22 50
931 25 17
3638 62 7
2283 13 10
3425 7 5
2393 1 13
897 3 44
2662 31 9
620 27 12
3176 44 8
765 15 19
2140 6 37
361 19 5
1548 47 10
1979 54 10
1196 37 12
3232 3 33
520 50 3
2128 63 63
3536 34 35
3689 27 51
2701 27 1
3156 21 31
906 46 24
149 60 15
2089 62 63
1806 20 10
2997 47 45
22 40 7
2323 21 46
2560 52 45
494 42 22
3016 42 17
530 5 19
3439 62 49
2823 22 29
250 1 19
1992 32 45
2922 48 40
3855 31 17
1543 51 49
3165 42 26
84 40 31
759 28 37
57 50 19
2187 1 56
3198 35 7
1535 34 63
1946 13 39
814 24 26
3571 49 4
1929 49 8
433 53 61
1272 51 49
3740 46 6
1428 9 43
286 12 32
3398 63 40
2814 35 48
442 48 39
1466 21 40
1621 30 11
701 62 33
4047 38 59
1383 40 43
1111 15 49
1351 8 3
2429 8 28
998 46 63
766 22 53
3163 63 53
1783 15 56
440 22 1
2108 48 55
1157 42 56
2223 46 36
334 25 43
655 45 32
2008 37 45
976 44 8
3995 5 14
2688 63 57
2016 15 8
3510 7 49
3953 7 28
1504 19 25
1710 24 26
4090 56 23
3159 24 34
239 18 58
2489 46 19
1336 39 21
3341 55 19
967 46 47
3420 54 49
1766 27 3
3335 3 38
2047 39 21
2974 58 30
1801 15 48
3673 30 51
3483 4 62
3971 2 22
2464 60 7
631 24 58
2940 35 8
3786 60 2
813 7 51
3587 43 31
2694 46 3
3021 3 41
2268 13 53
2675 51 8
1303 28 53
1547 47 45
3831 28 46
626 61 15
2541 10 38
3119 33 48
603 18 29
3354 42 57
590 12 12
3274 37 21
2177 43 6
312 1 2
710 54 50
2716 0 43
1206 9 53
2528 36 45
2419 62 33
2776 39 10
1627 58 40
228 61 16
120 43 54
2871 28 35
3822 11 10
3540 38 20
3136 3 42
2381 29 40
1636 47 52
2178 42 59
3655 28 15
1532 55 19
18 53 47
220 61 52
112 39 0
1277 35 23
505 21 18
33 55 48
3025 22 48
3897 51 41
1940 29 39
2735 17 17
2575 12 55
894 6 44
3210 4 41
2837 13 63
3369 36 31
1811 0 23
3468 8 14
676 19 38
938 34 29
1810 22 56
1828 31 2
3407 9 41
386 25 0
2126 61 9
1507 34 28
3760 42 36
1420 1 44
2743 23 8
2793 27 3
1138 33 27
3575 6 45
909 9 62
1546 7 9
2599 37 8
206 4 51
290 14 17
1971 8 44
882 29 58
276 1 34
171 23 48
1009 13 39
3685 54 22
3359 59 58
3095 9 16
2043 3 17
3785 29 1
1199 23 23
853 36 58
342 40 11
3137 59 17
2025 6 28
3999 42 23
499 50 10
364 38 46
2555 38 21
3701 2 54
2305 53 40
3141 61 29
2957 10 32
2000 60 58
780 9 51
3388 50 31
767 23 62
224 14 27
1018 60 44
3552 31 53
1443 11 43
2761 8 10
3303 16 4
656 47 42
538 61 13
4034 58 12
4023 58 6
3951 46 57
99 25 44
50 21 50
1233 49 14
1563 0 26
304 1 10
920 33 27
566 36 34
437 26 7
584 24 60
1738 46 38
1089 43 7
1562 38 27
1327 31 34
2174 6 62
190 29 52
3451 6 62
3281 23 7
128 6 32
2545 52 25
3332 44 56
2182 55 24
876 63 10
3528 12 24
1517 4 45
2748 62 2
3257 0 40
1161 14 28
1421 58 8
1366 22 12
571 62 51
1165 35 5
40 61 17
2092 23 1
1838 57 16
1357 12 26
541 30 55
1622 50 23
1372 63 23
937 38 7
1046 46 8
671 31 17
1488 55 16
2196 16 36
333 49 22
1325 1 11
2401 35 22
4021 28 53
1364 18 42
2433 32 16
3916 56 25
3706 6 55
4057 54 15
3024 19 20
4068 16 30
3775 55 7
1982 37 15
2923 63 14
1800 45 8
3599 58 57
573 13 19
1525 52 13
59 34 32
928 35 21
681 50 51
392 57 32
700 38 17
3898 44 5
1988 50 18
1027 28 12
2818 26 54
2721 31 6
3244 11 14
2902 43 55
1190 17 22
1877 3 12
78 27 45
475 10 11
213 47 49
1903 7 36
1208 17 23
1647 58 23
3660 4 24
3869 46 10
3077 48 11
593 48 5
1393 27 58
3170 57 28
2708 11 33
1969 56 15
1148 13 28
1260 41 2
3444 18 26
2625 30 30
1155 16 3
1022 51 10
706 38 63
3178 49 57
223 62 31
3805 24 43
85 53 61
472 41 0
3313 24 37
410 45 2
260 49 55
1321 3 37
2374 37 32
1104 2 43
3893 16 17
3681 5 12
1394 38 22
1881 29 10
1644 31 3
3234 35 12
258 27 43
2918 16 61
1590 14 42
151 17 57
351 63 34
2907 58 51
3396 45 26
2160 11 31
2780 54 50
1026 3 47
1791 30 28
3975 45 31
1864 48 36
1728 25 29
1384 14 37
2996 4 60
1 59 18
1449 4 63
2869 20 30
108 4 15
3482 4 32
1640 15 10
751 41 4
3967 26 42
1143 16 45
1253 40 34
2807 38 26
3656 36 7
2911 20 21
3174 60 46
1464 31 41
517 5 18
3997 11 14
878 0 25
734 34 21
1388 30 5
2186 12 56
3964 61 9
2965 42 19
2831 22 36
60 0 10
1116 45 24
776 9 3
2834 42 14
2457 0 7
3514 59 48
1369 59 14
3048 13 31
2332 5 46
3487 54 27
3778 44 27
1050 40 55
3642 3 49
2544 4 47
971 0 57
2954 60 45
2746 43 61
2398 31 9
2496 11 58
1663 58 30
675 39 16
1296 25 32
94 38 23
2495 58 29
1637 5 61
3217 6 25
1182 20 56
2460 30 13
3096 23 7
579 46 10
1976 52 62
3538 6 32
1796 39 20
4079 59 30
4067 40 48
1337 4 29
56 4 46
284 30 5
4089 38 25
3758 41 15
154 63 16
2817 8 55
476 27 10
2097 62 25
1020 34 30
2214 13 6
1639 22 27
1070 10 62
2711 17 17
2116 42 4
1374 60 46
340 45 49
2213 14 40
2715 10 12
3506 10 37
615 58 11
2966 8 48
1035 20 40
2438 21 25
1951 27 12
3152 18 2
391 20 8
3917 10 35
648 8 11
2250 15 43
2010 1 5
1238 44 33
3664 9 28
1690 6 57
3290 45 60
261 31 19
2901 22 33
3501 33 20
124 29 48
265 33 61
2080 55 44
1419 5 28
2514 54 50
2367 11 27
325 27 2
1932 14 16
3629 38 43
3069 62 29
2808 22 34
1365 4 56
1062 23 26
2824 56 61
3974 28 40
966 49 50
753 45 45
3411 36 35
1254 51 34
705 2 62
902 6 19
2647 41 12
610 37 1
1872 30 27
3943 37 2
3992 51 10
1763 13 15
3462 23 2
2118 18 23
1718 28 48
778 50 55
1814 51 21
1197 14 26
1680 60 46
784 63 7
1034 40 17
242 32 58
2605 59 31
488 4 30
1787 28 19
908 8 12
1175 5 26
474 17 4
3104 14 2
3851 28 2
1313 46 57
1686 58 18
719 40 47
3455 19 61
3929 38 13
2571 27 38
2690 33 8
1510 28 31
373 36 36
864 61 10
2762 42 37
2308 41 42
176 29 0
3122 41 39
1250 32 43
613 60 3
3627 27 18
170 6 37
3568 36 5
1122 46 12
2078 28 24
904 47 9
3503 60 18
1633 24 27
1768 26 10
2125 14 55
3302 17 45
1436 55 47
2335 28 58
704 9 37
1723 4 29
3279 45 53
1113 47 51
529 31 41
67 61 2
850 55 19
2891 20 21
824 28 28
534 14 56
3131 38 25
1485 43 24
2910 60 27
3986 0 47
1883 18 38
2872 32 11
2139 44 22
352 39 39
1551 58 55
3426 38 30
4091 28 38
957 53 63
1010 27 53
1743 43 56
3336 28 17
3350 24 55
1279 42 16
768 21 25
2779 29 31
2689 38 30
2683 40 35
273 11 24
3545 6 21
2310 8 1
2733 35 20
1342 54 19
3146 14 51
783 6 40
1282 27 60
2846 37 31
1174 18 2
37 52 0
1353 51 31
139 39 31
2071 57 61
3145 33 39
1439 30 9
3565 45 48
1286 16 54
1541 43 57
3924 25 50
3682 21 55
1053 58 49
406 28 37
3308 45 15
3644 41 3
438 30 53
1914 63 37
3448 43 16
3056 33 2
595 63 42
272 44 41
3275 26 34
1967 63 10
3164 22 31
886 62 44
1626 17 24
2022 2 42
2764 34 55
953 34 45
2728 48 5
3366 16 55
2950 53 34
2334 11 24
2183 35 35
1790 21 43
617 16 39
2836 49 54
73 36 41
3465 3 13
3608 26 51
3100 43 41
742 36 47
3773 18 31
453 8 46
4012 24 35
3489 52 12
