1757 1
2723 28
2327 59
592 49
1503 24
3315 33
772 11
3952 37
521 43
665 15
668 56
988 53
237 16
590 12
2602 5
2930 14
1408 6
2634 31
2283 10
1592 36
364 46
3653 56
3814 16
3323 31
3744 52
1520 16
1642 22
2720 49
3346 35
4029 38
546 55
3990 43
761 58
2603 26
2054 6
2016 8
3109 62
2132 62
1120 55
1290 21
317 8
601 21
224 27
3453 38
2625 30
846 24
1832 9
2176 44
1263 9
104 60
1887 53
2945 61
3995 14
1801 48
3215 45
692 34
1635 46
2973 47
417 30
223 31
1944 25
701 33
3071 36
3834 21
523 44
1093 55
1323 61
2360 12
3769 27
2152 61
1424 44
1905 59
3334 47
3279 53
648 11
2734 62
1079 41
3637 21
2272 47
3276 8
1950 50
2646 61
3782 61
858 39
3317 16
1009 39
1735 50
1769 16
2061 54
3805 43
3933 31
3083 45
2607 11
3946 54
3096 7
1191 31
952 38
972 8
2114 40
3177 23
3108 9
1096 49
704 37
1712 51
1811 23
1230 44
1 18
552 23
1002 52
1602 57
3170 28
2504 48
1966 27
2927 5
2231 21
730 23
2273 52
1852 40
4055 23
563 16
347 16
1891 55
585 49
3598 46
2090 37
2562 28
3375 57
1266 11
473 43
2789 44
1990 52
620 12
2570 60
1073 53
3376 5
2992 20
3917 35
383 24
991 17
820 29
2786 51
459 47
2771 34
1665 54
129 27
2367 27
2136 18
771 52
2541 38
1729 6
4060 2
2027 63
2085 17
300 6
140 3
437 7
2537 50
2220 5
95 23
3768 36
3895 34
880 4
3104 2
3894 12
3048 31
2814 48
291 59
2947 24
2569 8
1941 34
1076 8
2002 32
3925 9
3583 32
3842 17
567 1
2315 58
1918 7
504 55
3494 50
2378 32
220 52
2958 25
423 63
76 3
3112 45
1991 27
2982 22
2396 28
3293 38
845 4
2993 52
2482 23
45 48
2160 31
2678 46
2696 34
3527 52
577 13
3631 24
1983 47
3993 57
3009 13
1812 63
969 61
615 11
1640 10
2788 34
391 8
804 15
4012 35
1927 4
3139 44
2101 42
340 49
777 55
1397 22
1431 20
3486 30
2918 61
443 26
1109 11
2633 43
2475 3
2418 34
537 48
3788 42
32 19
3639 0
1402 28
275 25
1822 63
1896 59
3647 60
4048 12
3865 7
1227 62
1319 20
1358 54
828 38
3029 24
3325 5
3636 9
125 46
501 16
3901 18
1883 38
3483 62
1177 61
979 46
328 50
1309 35
2348 31
2733 20
2648 0
3711 49
1153 59
1876 25
2907 51
1516 3
375 58
2679 51
1509 22
2341 59
1367 2
1588 13
160 35
1628 6
1610 19
257 36
578 7
1874 40
1643 0
2729 8
334 43
4050 44
514 35
392 32
796 27
807 34
405 12
2440 10
3944 54
2155 0
2866 56
3694 61
4036 10
3529 18
1902 60
3080 46
818 59
3679 60
110 33
3644 3
2469 55
658 9
65 1
884 27
1122 12
141 63
2586 40
166 26
3223 37
2363 60
241 35
2433 16
3714 5
557 25
2673 31
401 34
540 40
956 20
2028 24
2205 18
3683 21
3974 40
978 7
3823 19
1179 53
3978 31
879 23
1261 40
2705 11
1558 18
1023 49
2445 55
3525 6
3084 12
989 52
1498 36
3126 0
2435 53
3097 60
3114 21
2388 45
49 51
2530 26
1835 5
3857 12
1774 44
3350 55
1715 2
2402 25
2420 50
3559 46
1656 17
3189 31
3931 45
2313 14
1474 20
4024 46
2686 16
348 6
44 26
2121 14
3284 36
1815 1
16 4
519 21
2620 54
468 24
2035 15
1788 4
2528 45
3247 4
2496 58
3062 3
248 61
320 49
3120 57
2891 21
2629 48
3505 21
3336 17
1297 23
474 4
698 7
1580 9
184 8
1181 3
3793 43
770 1
2572 49
3432 38
3701 54
326 30
3902 10
2878 52
3444 26
4042 55
3927 26
3854 13
3379 17
2850 45
738 33
800 49
2614 6
1973 20
245 59
637 60
2288 45
1586 60
174 32
27 2
1365 56
2148 53
3685 22
1336 21
486 20
2371 52
381 54
2544 47
1111 49
3633 49
1370 24
3850 46
1514 11
1747 17
1574 62
2574 41
3447 26
2048 15
444 51
435 32
2130 60
1563 26
921 12
310 40
108 15
4066 8
1469 52
2941 41
3609 51
4017 22
1870 34
1539 42
2531 1
3861 62
3515 4
2111 51
1721 40
372 46
628 46
811 55
3545 21
3185 46
664 36
3415 33
3287 25
3328 63
1273 19
3161 63
461 50
1538 17
1817 14
3442 12
1345 54
3600 52
3707 61
2505 32
3504 0
164 1
47 51
3934 58
1036 32
3718 21
631 58
1518 4
1841 23
2596 54
3883 1
3773 31
3027 54
3674 12
1461 56
1949 22
1677 52
3012 27
768 25
2780 50
475 11
2073 45
3889 48
193 53
2456 9
609 50
3826 45
2856 4
890 10
1625 13
3500 51
2742 48
3548 28
120 54
996 9
203 36
790 63
2546 16
3068 54
2369 9
2351 61
2652 5
1390 15
3364 15
1471 52
3047 1
865 54
1305 35
3787 17
660 35
2438 25
1392 49
2400 48
1494 61
2248 60
1024 17
3152 2
2112 27
3836 61
1315 11
57 19
421 22
2768 23
3162 3
753 45
1324 62
840 12
3194 24
3698 26
4056 29
3246 55
2508 43
780 51
3577 47
3471 31
2914 61
524 59
2557 24
3117 42
3722 40
2346 28
239 58
1722 7
871 31
1237 15
3729 46
3233 33
358 45
1269 4
2156 55
1307 10
1728 29
3507 31
2325 33
2368 14
3771 63
2509 52
3005 10
2151 26
2836 54
3008 29
3116 54
1666 55
1067 7
2547 2
2384 53
773 43
2908 35
2242 38
3693 4
3107 20
2888 59
3103 37
3888 45
3875 61
1885 53
2957 32
1704 3
970 0
116 56
1277 23
1531 46
2153 50
848 25
3544 58
3441 16
1275 45
1971 44
3734 5
82 61
745 53
3664 28
3906 44
208 43
527 51
1976 62
1119 32
2616 0
593 5
397 14
2510 21
1641 39
2250 43
201 62
1460 37
1061 58
1326 62
1236 11
3357 62
2809 55
2501 39
1173 33
4009 39
3064 24
903 6
359 8
579 10
3611 18
982 27
388 8
2077 42
1182 56
3750 32
85 61
2817 55
3182 24
1544 25
869 52
281 23
3552 53
2653 27
139 31
490 42
2896 45
38 33
1910 15
1988 18
1108 22
712 13
3252 20
3509 23
3700 3
1226 36
3306 49
3374 62
2264 54
3908 57
1931 55
3219 59
1386 33
1926 61
1855 59
3368 42
3549 52
1691 43
4052 10
2451 31
2380 49
1670 35
543 20
1238 33
1938 42
4062 39
915 10
81 17
2638 4
1557 28
39 26
766 53
48 59
908 12
1473 43
2649 14
1475 10
3196 55
3136 42
3555 16
226 20
17 58
1982 15
2039 44
2183 35
1006 53
3855 17
2133 43
1327 34
89 4
2924 52
3594 61
386 0
2998 60
2218 43
1618 49
901 25
3563 28
3060 29
1813 35
3691 55
3154 35
893 19
3666 56
2201 39
3175 3
2282 59
2951 52
88 2
584 60
2894 28
3617 48
2542 41
3667 27
3040 57
496 57
4039 1
3355 30
2018 27
290 17
3820 31
216 37
2362 32
380 41
686 51
3801 34
2845 41
1718 48
1031 62
179 29
3100 41
3069 29
1304 11
3365 56
280 55
1399 4
3961 33
3642 49
1252 15
3870 22
2576 54
254 45
1383 43
2507 51
993 52
755 32
3550 16
1965 7
3772 5
3858 50
2703 27
3969 14
860 49
3869 10
2996 60
2411 47
940 26
1378 62
2774 35
2458 62
3049 19
3625 3
2670 45
689 39
3612 42
742 47
470 31
3474 61
2190 8
406 37
2500 16
40 17
1731 11
2977 2
914 29
411 16
2903 61
1753 34
3044 41
2476 57
2124 18
2979 2
3435 7
2161 18
1322 45
413 12
219 37
1912 54
1381 7
1632 54
1103 3
305 14
1820 57
2185 21
1954 36
703 12
1274 44
2189 1
477 50
1725 18
3254 2
3907 27
1356 62
2779 31
2159 60
671 17
3318 24
1293 48
414 30
2466 5
3987 9
1441 11
2577 53
1459 42
2139 22
103 41
661 3
2659 61
3860 40
2317 34
2708 33
2350 51
759 37
1601 35
1186 15
1873 8
431 42
1686 18
3461 32
3417 56
86 38
2693 3
854 37
2095 42
2020 45
4 12
1951 12
2966 48
1247 0
4093 35
3010 39
96 14
3228 59
2860 63
3304 4
4023 6
1192 1
1013 55
3863 21
2970 62
1098 28
916 21
33 48
285 7
3732 39
2690 8
3321 5
1865 51
1183 20
1485 24
3257 40
721 62
9 2
3949 6
409 10
1881 10
3856 15
3148 45
274 45
3280 9
2931 39
3078 26
1357 26
3996 56
758 14
3240 47
2555 21
2485 54
162 60
2553 55
2543 3
2240 37
1396 22
1000 38
1529 21
1749 42
3424 48
1366 12
91 9
3558 11
3430 35
1587 20
1423 2
1595 15
3395 43
1097 22
2284 3
3361 16
1524 1
2688 57
1046 8
874 46
3458 49
872 43
315 41
832 0
394 29
783 40
4015 1
2700 6
62 42
3968 29
1913 37
3125 18
586 7
3226 46
2374 32
2497 30
2946 4
293 7
1014 57
3124 51
3239 49
3641 1
2343 27
1246 9
228 16
1597 21
1429 21
3046 63
912 42
2260 51
3326 52
3791 51
3449 1
1853 28
238 41
2472 60
2884 0
1168 48
649 9
2971 25
1425 11
190 52
2810 20
3519 7
1092 53
3324 15
1734 57
3203 37
3208 32
2822 1
307 61
2011 31
3340 34
3742 30
2956 54
576 8
2059 8
754 23
2450 27
3909 56
1645 5
1893 4
2306 13
2718 13
1391 60
1375 62
3153 2
3831 46
3984 52
1818 28
2933 16
2076 26
2781 20
3643 26
1452 53
3472 56
3796 48
2823 29
2225 2
2571 38
3871 44
69 20
778 55
3867 20
1897 8
481 35
1888 26
79 43
814 26
3616 26
1395 23
1959 57
610 1
1763 15
2328 12
3487 27
1942 44
2864 52
445 41
4010 3
2302 26
967 47
1736 15
2683 35
672 30
1224 27
801 16
4044 54
1615 56
2512 62
2241 6
3221 6
2123 52
1907 59
2399 59
2488 19
1653 7
1500 10
2305 40
3312 28
3359 58
2082 37
144 32
2243 50
1437 25
2513 50
167 54
3747 33
2852 26
866 32
370 39
3407 41
943 17
1838 16
3891 15
2635 1
2335 58
1298 47
2772 59
1936 52
1924 31
1225 38
2195 37
1075 34
469 60
1793 33
2349 20
1428 43
2587 39
1720 55
2182 24
3499 34
286 32
2719 42
788 52
4078 2
2096 60
3271 1
813 51
1785 24
591 61
99 44
2639 45
2196 36
94 23
2487 37
304 10
1478 15
1417 42
1667 17
587 7
3602 31
244 0
31 43
3874 30
153 2
1082 15
1596 62
2684 38
323 0
2097 25
1946 39
1860 23
478 27
415 43
994 13
4001 50
1979 10
1449 63
3450 52
3753 44
2390 4
529 41
452 18
1187 47
1012 48
2030 41
536 49
1025 5
3020 20
3030 13
3371 15
4045 39
1995 59
4030 56
259 20
467 23
3678 25
155 35
572 25
1444 52
2474 25
1619 58
3751 38
2741 4
1647 23
3241 15
4031 47
1768 10
582 62
3138 44
342 11
1242 38
1148 28
1362 25
929 57
624 43
3739 62
619 7
2307 11
4000 35
2972 47
2968 54
933 6
2820 22
2448 49
319 63
910 57
1790 43
1435 58
3926 35
3072 21
3207 5
170 37
3263 33
1762 56
3186 31
2484 27
3755 38
3342 42
488 30
3712 48
2233 41
602 43
2636 61
2668 41
2752 2
3531 39
263 27
1426 14
1476 51
3425 5
1631 29
3554 6
476 10
2747 38
1923 55
395 11
3459 14
64 39
1930 1
898 25
2728 5
725 26
2470 36
1958 3
113 40
1856 23
93 49
2656 47
3405 60
136 47
2115 63
480 45
928 21
485 43
1328 22
3603 44
2126 9
195 43
1480 56
621 33
3227 7
3135 31
541 55
1800 8
3493 48
1270 58
856 36
3299 42
1371 26
3127 41
1598 14
2928 10
1442 4
3130 47
341 39
196 10
2623 63
1321 37
3581 0
1740 15
71 4
2127 38
3819 8
2109 49
3930 38
3682 55
456 63
3164 31
3803 28
1713 38
1306 48
3692 35
2397 14
3862 8
3231 49
2912 59
3314 58
1451 17
2657 46
3468 14
1204 12
2265 8
3872 52
2431 5
2008 45
1992 45
2735 17
400 2
569 56
2828 39
3706 55
0 37
3938 43
594 52
2344 61
1102 12
1276 31
1329 49
3330 13
564 11
63 33
3021 41
2275 51
693 17
1859 44
900 49
629 24
318 63
3868 29
3490 41
204 15
3837 63
3092 59
3635 19
625 60
1658 22
3000 45
2246 61
3892 51
731 57
1840 62
3646 37
774 16
1783 56
1049 27
3662 62
3489 12
3023 30
1188 6
1854 42
502 6
2989 39
4063 40
1346 30
3604 56
3922 19
763 50
1552 20
1708 0
3916 25
2932 9
1711 12
3681 12
622 1
1928 46
264 3
3551 31
149 15
2964 28
1974 5
2421 29
2524 1
2254 28
3797 28
3740 6
516 9
1136 43
3607 11
2087 25
3589 31
70 5
2617 41
2761 10
3512 12
3485 40
279 2
3427 59
2838 28
1250 43
2879 56
1018 44
4018 18
1536 8
3452 7
1748 17
2245 48
67 2
646 12
1030 55
4046 26
321 58
2807 26
3786 2
3966 51
3451 62
2943 12
1106 26
361 5
2177 6
2955 10
1960 18
3404 1
748 58
1443 43
2854 61
1364 42
329 49
253 6
580 2
533 6
1331 10
3260 33
3622 13
2164 60
1301 37
2707 55
1228 31
2237 7
4094 12
1300 8
3250 32
2704 9
3146 51
3591 55
573 19
2857 12
332 26
3091 19
2962 16
1078 52
2119 41
1591 22
3501 20
2007 45
2398 9
232 4
450 27
1836 14
3574 31
1787 19
2739 8
2503 23
3171 36
247 42
3599 57
656 42
954 43
1170 4
1797 39
2758 39
1152 21
751 4
1716 13
2613 12
974 63
3976 30
727 43
1616 32
500 27
506 20
1281 29
1744 23
750 55
1808 35
1568 2
1780 45
186 40
3377 31
968 53
266 62
3416 41
145 38
1043 13
3178 57
1872 27
1140 21
532 16
2940 8
2295 39
3770 55
805 51
782 55
1071 60
1063 16
2936 50
934 29
3110 8
936 46
1387 44
690 5
2332 46
1884 38
2252 33
1758 9
3943 2
3960 39
3542 61
1648 29
2763 4
917 53
1466 40
1674 63
1374 46
1439 9
422 14
3352 34
2520 20
3093 24
3903 1
1575 17
3032 59
2506 36
3508 8
497 49
1154 12
616 5
451 58
3014 22
385 53
1857 11
2389 62
255 38
123 25
3473 3
1710 26
3017 62
2239 20
3630 19
799 27
3972 34
3999 23
3760 36
1861 41
338 5
1519 24
1262 24
1705 11
862 20
741 30
2193 60
3244 14
1634 34
12 7
3457 39
432 51
3741 39
1169 11
3661 8
1438 33
1207 12
1733 51
2442 52
1752 21
1051 5
301 26
2044 25
1559 50
837 0
491 45
3506 37
1828 2
2974 30
1702 7
1776 23
899 3
2764 55
3132 43
2092 1
3621 62
1394 22
92 33
1011 48
2568 44
101 7
1421 8
3795 17
3187 40
2738 18
765 19
3780 22
1652 53
1202 5
215 55
3356 35
3004 3
1719 58
2580 42
2364 34
440 1
1433 40
3813 59
795 17
2589 8
192 37
1630 50
26 32
3157 29
3608 51
2626 6
3220 8
1948 54
1777 0
1411 1
3478 14
2292 57
670 21
2717 33
1694 47
2606 2
3141 29
3757 43
3748 0
2423 16
1496 21
829 21
3606 12
2188 32
553 18
230 3
3344 5
3688 61
2414 18
1880 32
3268 52
3847 34
2844 0
2347 38
663 50
503 22
50 50
1104 43
2093 53
1804 61
4011 0
2247 62
109 45
378 7
3011 15
2150 3
4057 15
489 12
3965 36
1890 61
1695 49
1436 47
3928 55
1467 5
888 31
2170 30
299 53
2359 36
1541 57
1770 63
393 57
3236 57
2976 7
448 60
292 10
3628 0
367 26
3381 37
1688 43
3593 32
583 12
3298 4
2489 19
639 6
1968 14
3522 39
2558 38
2099 31
333 22
2270 45
2610 16
2725 58
2162 27
1058 10
925 55
283 62
206 51
2050 45
3183 1
1354 41
2795 51
3520 24
3264 7
1915 31
3209 32
2006 58
233 31
3195 6
1026 47
561 31
3766 40
558 22
986 1
382 15
2057 40
868 54
1585 22
3204 18
2144 7
3657 0
430 8
2266 7
1343 44
3075 36
2103 10
1163 6
1675 16
2782 47
297 63
2948 18
1287 62
377 5
250 19
454 44
2963 7
534 56
3055 51
1283 41
510 43
1418 13
2950 34
3278 20
2483 39
2234 37
3414 14
1879 49
368 17
3385 1
2883 16
2691 11
268 39
710 50
3738 46
2032 19
1465 2
146 25
1843 21
1280 4
511 55
1404 32
313 50
1420 44
2413 20
1542 32
654 55
1217 26
1848 6
1056 3
588 21
4088 24
1057 0
1513 18
821 19
518 24
325 2
505 18
3313 37
1633 27
3585 61
227 54
1414 50
3343 55
3354 57
687 51
2935 27
46 3
1157 56
3212 18
390 2
2271 53
2517 49
2521 15
1214 39
2599 8
961 37
1668 51
3465 13
2279 60
2824 61
3497 43
61 52
1453 60
3957 55
2075 24
2339 21
1041 34
4041 38
2338 46
2337 53
1972 42
548 62
826 21
2732 24
339 56
1623 10
1131 25
2320 39
1259 45
1637 61
3188 45
1967 10
3498 46
1661 54
595 42
1805 15
3281 7
3736 30
3864 31
767 62
1352 63
114 38
6 52
2432 58
1821 52
2409 25
857 9
2304 41
121 6
667 33
3273 22
161 15
2615 34
3785 1
2358 45
3726 13
1685 44
657 15
2799 29
2999 44
1430 26
2086 19
2876 14
434 24
3816 16
3783 55
1083 40
2834 14
407 54
2047 21
2666 25
909 62
3832 3
1033 17
4003 50
360 7
2154 1
1210 22
3181 13
3001 58
1409 10
2041 20
181 44
2749 11
124 48
2010 5
2776 10
3147 18
3106 24
2459 40
1278 25
744 2
1550 25
2022 42
823 52
3937 7
3776 26
3806 60
2778 1
128 32
2540 42
3234 12
997 52
709 55
726 35
1427 15
2995 42
855 28
1264 55
2813 31
270 61
1706 11
3056 2
937 7
2330 44
545 58
3031 43
1997 63
173 24
1751 44
1167 50
60 10
1654 9
685 21
205 43
3022 29
3779 49
1662 3
1166 55
3396 26
3592 50
2867 4
3242 46
1189 54
2326 15
2601 20
2134 11
1320 63
3283 36
2490 51
1638 15
528 27
265 61
1089 7
3295 28
2223 36
2429 28
3065 22
859 24
3835 36
831 2
3249 41
408 36
949 40
1921 53
3876 13
3067 6
135 1
3675 26
682 63
878 25
3626 39
669 37
3564 60
2375 13
798 14
2120 33
1889 52
723 56
1064 30
2754 18
106 13
2724 63
2443 17
4084 16
1094 36
2464 7
3924 50
168 3
3173 4
612 48
3086 36
3587 31
2716 43
3347 28
618 36
3470 19
2837 63
1617 34
3338 43
2801 1
3378 28
3778 27
493 3
3429 34
77 31
3897 41
3654 28
1789 28
785 21
1384 37
147 18
3419 49
1389 5
433 61
1165 5
3123 39
1419 28
182 50
403 8
2263 41
1953 56
604 26
1271 17
2675 8
1604 53
2920 37
1342 19
2816 57
607 0
2600 3
2280 45
1062 26
981 60
2593 29
2012 29
1956 35
165 32
945 62
2802 53
2624 1
2573 34
2143 0
1086 55
3950 62
946 26
1600 56
3881 52
1693 3
1129 53
1138 27
3476 28
462 51
1445 14
185 8
2255 62
316 20
3610 33
2465 43
1053 49
1132 49
3720 51
2467 37
2021 13
2792 51
1450 22
3382 62
3386 8
1368 7
2665 37
3351 61
643 31
4022 47
2211 21
3390 3
2794 34
2721 6
2480 43
2331 59
11 57
1678 30
556 7
776 3
2901 33
1659 55
1771 46
2986 54
335 38
234 21
1070 62
617 39
1663 30
2644 9
764 1
2632 42
2660 1
295 62
2953 7
542 52
2309 46
966 50
1622 23
2033 46
2604 20
985 5
2915 4
568 48
1554 14
1629 13
623 56
3464 7
3763 26
962 59
1149 57
3710 10
3456 53
3640 11
3896 44
1028 63
130 62
4071 24
1577 28
3992 10
1786 29
2584 38
37 0
3420 49
1134 61
2078 24
3253 9
3615 49
3045 25
1333 0
867 30
2074 38
3440 50
1084 20
3133 7
5 4
487 35
374 25
1562 27
2354 20
3142 52
645 20
781 17
3115 39
3214 33
150 42
3528 24
2561 7
2929 4
1627 40
3792 45
1886 31
346 54
2870 38
2965 19
1510 31
1219 23
1492 14
2342 15
544 2
2274 21
2216 54
1213 24
2062 47
2407 56
931 17
2969 18
589 25
1144 62
923 17
75 20
1019 18
2025 28
314 9
1867 33
3463 25
973 30
2477 30
3098 41
3546 49
1095 19
3590 1
2104 1
3409 49
212 52
3412 0
2645 4
1603 22
4034 12
2687 11
2934 24
449 4
2372 1
1903 36
2731 26
1672 45
520 3
1334 29
1487 15
1039 41
2427 46
815 10
3436 32
2067 21
453 46
1707 59
3985 29
674 42
3229 21
499 10
1869 20
3815 61
1458 4
3131 25
1892 53
3400 58
30 58
3348 47
356 61
2889 22
1649 63
2805 53
278 29
1137 48
1477 18
4035 60
1993 5
4028 38
1021 9
842 48
3717 26
282 54
784 7
2281 34
1756 12
706 63
3572 8
4053 27
554 36
677 0
262 27
1221 5
3028 28
1296 32
3269 5
2052 63
2110 18
2379 37
362 39
1607 7
4025 40
384 15
3198 7
3571 4
971 57
2333 26
676 38
246 0
4067 48
3659 40
1922 12
343 57
3059 12
3013 6
3690 60
911 20
1479 61
877 62
1877 12
3199 30
2736 53
1055 59
3477 60
2140 37
2024 55
3426 30
4027 25
3743 8
3859 43
1823 4
1517 45
1901 62
3845 12
1567 14
2066 34
2294 18
2376 60
4092 8
863 3
1998 52
410 2
1899 0
2462 29
2712 63
3733 26
102 45
1463 44
1142 44
3523 3
2301 21
2232 62
517 18
1016 60
2760 52
2975 15
2173 30
3129 37
4037 24
843 36
2984 23
2594 15
2991 3
1566 24
808 41
296 53
2563 22
465 9
2094 37
2967 47
715 11
3179 56
457 16
2071 61
1190 22
3070 42
2841 50
3006 7
2444 40
1589 6
273 24
3887 42
2745 46
43 13
3882 25
3169 16
1212 21
3026 2
1178 54
458 25
3285 26
59 32
2285 43
2895 23
2296 40
717 29
1499 21
2710 42
3073 46
3282 57
2640 2
4091 38
3289 38
1447 37
3660 24
963 25
1746 8
3547 0
2873 54
1303 53
1690 57
1393 58
1556 26
1240 28
2460 13
3434 60
3929 13
3265 56
1490 3
1156 12
1335 24
4072 50
1750 11
1125 9
2197 53
1363 50
1521 7
2667 58
2769 7
1116 24
633 22
944 49
792 37
3735 31
3043 6
1161 28
1814 21
2552 41
1339 48
2118 23
217 22
1681 56
1609 7
3201 5
3176 8
1216 5
3089 17
3878 48
494 22
1220 46
2385 41
509 6
2446 10
3145 39
1353 31
2806 33
427 56
1723 29
3042 35
1040 24
1162 23
1194 58
881 53
1775 24
2662 9
2029 48
3579 14
2278 48
2251 13
3122 39
642 13
707 27
2165 5
3918 26
3582 10
3393 24
3332 56
3838 45
3912 31
999 57
2726 20
2299 59
2609 29
3618 3
3496 33
3290 60
907 4
2345 0
3322 47
4007 38
1700 57
2798 51
1755 47
211 6
2536 36
1925 31
3762 42
1415 24
1010 53
2068 46
3920 2
683 34
419 3
3627 18
3301 29
1605 50
938 29
1004 21
260 55
2479 35
2040 10
1620 22
3137 17
2627 18
1862 9
55 28
2049 27
2525 20
1100 50
1773 14
2904 10
1017 5
2906 9
2439 34
2324 45
2559 32
650 30
559 10
312 2
2084 9
2676 33
3243 23
2229 44
507 49
21 16
2913 57
779 41
2595 54
2579 32
2827 14
3535 42
4006 47
3433 12
1999 55
2181 11
3213 32
1113 51
3363 38
2129 25
4076 24
600 29
998 63
2669 20
2582 43
2172 21
1205 46
84 31
1636 52
172 1
3128 7
2790 29
1044 37
1256 1
3562 21
2612 56
3184 13
1151 59
34 19
2386 59
36 50
1522 55
3230 25
3715 12
371 14
1279 16
345 6
975 41
2699 18
2796 17
1803 30
483 47
824 28
2605 31
547 40
2689 30
1317 33
2224 59
538 13
3398 40
1372 23
1087 36
3380 60
2262 43
2702 39
3102 18
3708 0
1035 40
1243 15
2713 47
1824 28
404 41
2608 35
3578 18
2405 20
2200 12
2105 0
2180 38
794 56
1295 33
905 1
984 27
1379 56
2166 3
131 4
3668 53
2677 44
2217 60
2881 33
1727 39
2831 36
3272 31
191 28
2171 28
3387 58
851 52
324 36
1680 46
1533 46
3202 61
3962 46
269 8
188 24
1698 26
1482 54
3105 62
1806 10
2694 3
719 47
2106 4
1406 32
1185 12
4047 59
3099 24
1732 39
115 8
3759 4
2478 10
3140 31
3543 12
3745 21
3541 5
3672 37
2023 55
2213 40
2909 2
2682 37
3669 16
1232 21
1583 13
2187 56
20 50
289 24
198 49
1606 25
2310 1
1919 50
118 5
3789 44
1917 25
447 48
169 6
1215 14
2204 45
1456 57
3389 13
2988 30
2340 44
19 21
3349 40
4081 35
3915 11
2212 10
3333 13
3689 51
2249 35
1830 0
1484 2
2746 61
3986 47
2004 17
889 55
277 41
3997 14
3081 8
1985 6
1826 51
1382 54
960 16
2567 48
3798 15
87 55
3536 35
2199 9
1866 7
24 34
608 55
74 49
3481 36
3830 48
2556 42
1871 23
3737 38
1699 40
4080 43
2422 24
2293 53
1314 19
3259 1
3940 36
3703 59
3812 2
1472 1
4020 48
2847 40
691 49
1385 58
357 58
484 23
3291 3
1099 55
2198 8
876 10
1646 11
1599 7
2898 45
1671 3
151 57
2791 45
3439 49
189 53
365 12
2812 37
2755 13
2671 58
2 34
948 44
126 44
455 32
1340 11
3935 39
3761 57
1133 18
2843 21
3521 40
471 62
2872 11
2892 56
2493 28
3090 48
3948 58
1347 59
1403 34
678 53
603 29
1501 2
1741 54
3151 39
1254 34
3144 48
1546 9
1410 15
3687 50
2377 47
3410 14
1007 36
51 5
733 39
522 39
209 0
924 28
2192 17
200 39
2286 32
366 44
3480 34
111 29
2401 22
2661 59
261 19
2658 62
1233 14
4079 30
3119 48
892 53
4004 6
4083 48
3408 24
1970 61
3982 50
1351 3
1863 62
1581 35
2370 57
3479 48
4026 15
2911 21
2545 25
3327 58
3329 4
1594 47
1088 30
187 8
2711 17
2391 51
3849 44
1850 44
729 43
817 27
58 41
1034 17
844 9
14 56
3765 9
1150 50
3890 2
97 17
3695 26
1576 33
3900 23
1878 14
2365 4
218 0
1761 25
2036 6
2514 50
913 1
1742 33
3277 52
1703 44
267 1
2244 51
3932 36
1816 9
976 8
56 46
965 47
2434 42
2900 14
1766 3
3261 21
1289 47
2917 13
3511 8
2491 17
1020 30
515 46
3936 6
3716 8
3037 38
3192 3
207 14
659 34
3035 13
1454 39
3677 15
229 10
3484 0
1050 55
3475 2
739 24
3584 54
2034 31
1455 46
3245 41
1124 47
256 13
2825 29
4070 6
2056 51
2554 12
3051 41
652 6
2492 53
2206 19
3502 35
2141 46
757 34
235 23
2412 51
728 1
1400 4
3038 2
3953 28
2069 13
1875 21
35 45
171 48
2939 39
3316 9
1241 39
252 51
1481 48
3569 4
221 33
1981 50
2767 46
1778 54
694 18
3880 40
1940 39
2651 50
2628 59
2597 4
3367 32
531 11
3731 20
1121 9
2549 48
2770 17
3039 41
3082 24
1717 27
1845 33
1032 42
1195 34
3513 2
2356 26
611 29
2179 9
1759 43
1047 18
4019 18
3503 18
2527 12
2361 51
1222 23
3251 22
3634 0
2043 17
3807 42
3991 28
3158 17
3825 18
834 24
1251 55
743 57
240 49
2355 14
3954 25
1526 34
2147 36
1849 16
2848 61
3911 4
2621 28
25 2
2714 2
4059 48
3613 26
606 42
2588 45
825 33
2308 42
3530 22
2865 13
3369 31
2800 31
3224 47
3553 52
1029 11
2578 58
3597 50
2681 56
3255 18
1904 37
3411 35
2083 26
1209 19
2863 35
2619 42
2455 21
2925 41
684 26
555 53
2268 53
2277 62
1135 42
942 61
3914 10
1203 19
4086 60
2227 4
1996 26
3846 35
2425 15
54 44
2887 32
1003 55
2826 32
3448 16
2186 56
2564 14
3800 5
498 31
3469 23
1145 63
2598 8
107 38
2697 31
1614 59
830 36
1085 23
242 58
2406 10
2818 54
959 42
627 6
2387 3
1639 27
1284 6
2560 45
83 55
1211 29
1839 2
3294 35
439 38
3303 4
3094 24
42 42
4049 7
3885 38
1909 44
1337 29
2830 23
809 42
2441 23
1302 24
2046 17
653 6
2637 3
3971 22
2091 55
2072 60
1398 30
2098 23
3705 19
951 2
3024 20
1781 15
2060 5
1864 36
3309 54
1578 0
2944 12
1847 36
1898 10
1193 58
3262 24
575 26
2436 2
2417 26
3567 29
3951 57
598 33
3397 39
1508 26
3467 39
2089 63
3445 26
1038 50
1310 7
1112 11
4058 61
3222 6
3063 41
2463 44
2692 15
802 5
1184 16
2919 19
154 16
4008 36
565 1
2518 61
4085 63
425 48
550 56
1126 34
2149 30
3853 48
379 50
2210 49
3057 56
1590 42
3713 4
2064 9
679 28
3624 59
3723 63
3673 51
2381 40
354 6
1961 41
3818 14
2890 53
2701 1
920 27
1174 2
3495 29
1507 28
3670 8
2287 48
3074 15
213 49
53 54
822 42
2835 53
2125 55
222 46
2655 23
3205 52
1827 32
1446 37
322 26
3345 24
426 14
711 13
294 34
3873 18
2550 54
2923 14
2253 55
3190 51
2548 49
284 5
1697 24
2784 18
2392 16
1900 8
3307 39
1361 60
3828 30
1906 32
3998 24
1065 62
442 39
3725 63
2981 6
2862 22
2215 46
3216 17
3197 53
4016 2
2566 51
337 28
2259 23
3752 40
3648 16
3320 5
3296 42
2267 42
2575 55
3839 63
3749 61
2859 0
3460 60
1412 15
1105 25
1146 7
2167 8
927 3
3003 35
1175 26
412 36
793 14
3686 53
1495 3
2146 12
303 46
1005 7
2256 59
2461 23
3777 16
2511 59
3018 0
4065 49
700 17
3696 37
1844 44
2175 36
2756 33
1809 39
298 10
2787 45
896 13
3844 12
1489 41
1504 25
3437 23
3155 5
2954 45
3893 17
2499 47
3331 3
983 18
344 12
1737 18
3774 31
2026 4
418 45
73 41
987 13
1080 0
3588 15
2055 59
225 25
1799 30
420 11
747 56
309 22
3066 60
158 54
1714 52
1200 36
3015 61
4054 38
1837 23
163 6
2447 27
1288 11
2009 4
1754 19
3510 49
2137 53
1265 31
2808 34
98 1
3921 29
1579 19
1792 10
2334 24
883 6
3811 51
3601 14
2108 55
3118 16
2203 48
3784 55
894 44
736 27
1543 49
3168 17
1197 26
1486 13
2840 30
597 29
2748 2
3270 23
2494 2
175 46
351 34
950 58
2611 51
3764 22
953 45
1072 17
791 27
2663 28
3399 34
1218 30
4014 47
2916 36
3809 32
1377 47
3372 23
336 32
1286 54
3256 53
651 20
2383 42
955 32
1505 34
2869 30
775 42
3191 9
376 26
2394 61
3794 9
1657 24
1091 5
1530 59
2163 30
2235 24
875 51
2222 45
66 35
752 52
2858 27
1834 31
1975 37
574 47
1470 46
3702 1
2664 47
2529 63
2706 24
1344 6
1464 41
1090 41
2961 13
566 34
13 62
2980 7
1373 46
105 30
3988 24
887 13
4043 55
1772 37
1369 14
1794 45
1545 10
1199 23
3649 20
2058 57
803 8
2715 12
1782 18
416 26
806 12
3311 4
3418 14
2065 30
197 20
697 7
1920 56
3919 9
3384 2
2107 30
3292 9
1764 43
127 14
3383 6
2751 39
3956 8
1068 7
1932 16
836 44
2403 56
1977 12
513 60
3443 52
2178 59
3704 15
2938 35
713 9
838 29
134 22
3413 34
2184 35
3335 38
2457 7
2882 1
1244 5
28 5
3163 53
2194 27
932 31
2454 41
2312 0
2526 3
740 51
847 9
1069 47
2650 28
839 11
2219 38
535 49
4005 18
4061 10
148 34
3101 60
2523 52
688 16
3899 9
939 21
178 35
2269 22
183 40
1833 9
1268 41
2773 48
112 0
3143 18
1701 26
3095 16
1201 15
1525 13
1730 42
3808 50
2191 20
3446 42
680 35
3829 32
1001 47
3305 24
2486 35
1159 36
3218 55
1549 10
3645 8
990 9
581 43
2921 35
2291 17
2590 48
2647 12
3575 45
539 14
3275 34
243 32
288 5
1548 10
4033 27
472 0
1258 35
995 35
3852 46
1969 15
1196 12
438 53
482 15
2591 62
1440 56
2853 19
2994 36
2070 18
3353 30
2803 37
3709 42
1022 10
302 44
681 51
3061 6
3619 44
3967 42
3652 58
2722 23
18 47
157 9
2910 27
1037 52
1422 60
2297 21
2551 20
2727 6
1573 55
1107 34
177 33
2585 11
90 62
3266 0
992 53
3160 52
886 44
2766 6
1858 27
2630 52
3166 12
1164 41
1147 35
3248 3
80 42
720 27
1947 29
1405 32
3790 1
210 28
1130 0
1555 44
3767 30
841 10
2113 61
3200 5
3087 49
897 44
3258 63
3568 5
2685 63
1945 26
3054 40
2290 53
2158 45
1448 38
3050 45
10 25
2833 4
1497 50
632 42
1048 44
1291 43
1791 28
852 5
352 39
1360 0
327 47
1313 57
3180 0
3403 11
1624 15
716 47
1528 43
2015 57
3963 8
2750 57
3113 60
1160 22
258 43
2209 25
530 19
1957 26
2169 62
2014 54
2804 62
1198 4
2088 25
638 37
3989 32
2079 29
7 22
2135 31
2300 17
1527 38
1045 14
873 56
746 33
2642 48
3286 4
3076 47
647 60
3454 29
797 14
2538 1
853 58
271 57
355 17
1535 63
1332 31
3663 46
1952 8
3665 55
287 47
3570 57
1338 22
1312 61
699 55
41 17
2416 53
935 50
1355 54
428 40
560 52
1984 33
1684 28
902 19
1802 62
2698 6
2395 49
1155 3
2875 1
231 26
2017 19
2353 60
3827 61
4087 1
3041 32
3959 32
2535 36
2797 48
1560 15
1682 59
1235 10
2428 10
4074 19
1784 42
466 10
180 42
3235 58
2978 12
1341 5
1571 29
159 33
2744 63
3721 36
3810 11
1738 38
1537 48
735 50
551 50
2042 40
3671 26
3939 3
3308 15
906 24
2122 62
695 1
1407 18
957 63
2038 54
3781 49
2885 12
2502 40
1176 12
1547 45
2842 32
3680 31
1054 3
3391 43
724 12
2839 30
3879 33
349 41
249 0
3980 24
4077 32
311 20
980 28
1534 20
2019 16
3274 21
2565 24
1376 16
2987 41
1986 2
904 9
3560 22
4090 23
769 21
4073 48
1172 34
3851 2
2893 46
2793 3
1612 49
2942 35
2522 31
2138 37
2952 61
3423 35
4068 30
1962 10
2495 29
2534 39
2641 4
1807 20
2316 5
3620 16
2408 21
156 15
2221 44
3580 29
1868 26
1955 23
2695 58
78 45
1798 29
2481 32
3556 12
1882 49
3431 47
3156 31
835 42
3824 46
2829 27
2618 39
3656 7
2533 20
864 10
786 28
8 2
23 28
3817 29
2303 16
2437 35
1570 45
2515 37
3492 6
1676 4
2311 53
675 16
3172 7
941 22
1687 60
571 51
1621 11
1060 24
1515 60
2000 58
2453 19
3007 50
3058 59
861 1
2899 35
525 18
119 43
1401 7
3538 32
2905 46
630 30
634 25
4064 36
3573 0
1989 56
2937 3
1349 58
1937 23
1846 44
4051 50
2005 55
3565 48
1810 56
22 7
2319 35
29 2
1081 32
3981 30
429 48
702 49
1015 11
2080 44
4089 25
3821 19
833 21
3532 9
1934 63
3052 47
2759 60
3898 5
2322 16
402 46
1330 34
3036 30
1584 27
1506 53
1987 0
1158 35
756 33
1916 61
2815 9
3539 15
142 45
2157 13
3206 3
3210 41
4095 21
3840 38
3526 56
570 45
641 30
3428 52
399 43
2880 58
3945 61
3524 48
3964 9
3297 12
1964 1
626 15
1664 43
1935 36
3518 16
3566 9
3754 26
2449 27
1282 60
635 57
1493 14
2045 10
2983 48
1143 45
3310 50
762 20
2289 53
3719 10
3217 25
512 1
614 7
2753 53
3994 26
1724 6
1231 38
137 13
2207 29
3841 46
3958 55
68 2
2257 8
2855 42
3596 35
3358 38
760 53
1561 46
737 15
424 31
3905 34
1318 58
176 0
3651 6
705 62
2757 37
117 15
3077 11
1255 52
508 19
2471 33
306 31
3111 16
1413 23
1943 55
3822 10
3756 22
1831 13
3697 45
3983 60
2051 34
2997 45
714 35
1683 44
1468 53
2208 15
3392 13
1239 32
2329 22
2811 6
562 4
599 4
3514 48
1299 43
2516 11
389 10
3516 62
3165 26
1488 16
789 13
1553 41
1180 20
2674 11
3362 57
1052 41
2117 36
1911 33
3576 11
1551 55
1077 7
644 55
3884 42
1234 30
977 14
1829 38
2775 31
2352 5
3 12
827 29
1593 61
4032 10
2031 55
3947 15
2142 14
2849 39
2081 14
708 23
722 59
655 32
3586 44
1206 53
2871 35
1388 5
2592 41
3422 62
1249 27
1929 8
3623 8
882 58
2003 48
850 19
15 19
199 58
3288 21
2985 8
732 5
1673 18
1608 47
3923 42
3302 45
72 25
2393 13
3085 29
2116 4
251 40
3534 2
3614 4
3366 55
2174 62
1582 1
2765 18
272 41
1101 47
436 20
1027 12
1696 28
1796 20
2581 27
1117 32
1115 47
1127 44
3466 43
2583 11
3540 20
1292 54
3337 24
3150 0
1253 34
1650 11
1008 24
1851 46
1779 43
1260 2
2730 60
3388 31
3394 29
2410 26
3533 4
3406 20
2382 39
2468 1
1626 24
2230 60
2622 13
3134 2
2846 31
4038 28
2990 18
492 17
3638 7
1267 56
2473 4
152 51
3941 41
2131 37
3595 20
3491 55
2877 34
3629 43
143 19
1483 60
3002 19
662 24
3319 21
132 21
2785 4
958 29
2424 12
3300 0
3913 3
2709 2
2063 48
1908 4
2874 36
2832 12
2897 7
1933 48
353 42
202 28
2430 43
2519 60
3034 22
3079 17
1350 25
2680 51
549 62
734 21
1325 11
3676 50
1894 14
2258 38
3843 48
885 63
2168 49
1110 50
3561 34
3370 15
330 33
2298 55
812 43
4013 52
1248 9
3088 5
398 3
1994 31
2783 45
926 56
2238 8
1294 44
363 2
1980 10
3955 8
52 4
1978 62
2336 35
2100 36
849 41
1348 60
1042 30
3237 3
1895 42
1540 0
3402 45
460 13
373 36
3174 46
2960 48
1245 63
2868 58
2452 2
3033 60
1074 34
3053 27
3211 23
3904 44
613 3
1223 20
3517 42
3537 55
526 7
2415 16
2102 17
2419 33
1359 16
2922 40
2886 14
964 1
464 48
3605 46
396 2
1257 31
1316 22
3341 19
2226 49
3655 15
2851 48
810 21
1311 18
3699 35
1739 60
138 56
369 35
3942 35
1745 4
2426 13
2366 29
3658 50
947 10
2128 63
895 62
3977 43
870 37
2737 11
1141 43
673 54
1669 2
4075 61
276 34
1651 32
819 49
3910 50
1502 8
4082 35
3746 52
4021 53
3970 24
2404 28
387 57
2145 46
1914 37
3421 31
3149 38
2643 25
2323 46
350 3
2539 44
2631 8
2013 24
3886 61
787 18
922 36
3975 31
1511 24
1692 12
2276 17
3232 33
2777 45
1842 59
2926 36
1128 12
3724 35
3775 7
4002 61
891 38
2819 13
1380 63
1434 13
1613 25
3267 0
3557 33
636 29
3121 45
1569 3
3482 32
1066 59
1564 7
1462 58
2202 12
1825 18
3360 59
4069 2
1572 38
463 2
2762 37
2740 45
3758 15
2037 27
3159 34
1416 17
3802 16
2321 52
2902 55
696 13
2654 13
1512 48
1308 46
194 48
3438 29
2314 51
816 21
919 11
3462 2
446 54
1208 23
1523 5
3632 5
2357 21
214 11
1139 31
331 5
1819 59
1457 56
3848 24
236 6
3684 11
666 38
3833 45
2959 61
441 3
2318 1
1114 31
918 7
1767 25
3730 63
3373 23
3650 8
930 56
1689 31
1059 7
3401 55
479 44
495 25
1765 18
1123 43
122 21
1285 37
1679 33
3804 5
605 0
2053 12
1726 44
1655 31
1963 18
3225 53
2001 11
1118 47
2672 33
3877 48
1795 1
1491 30
1760 9
718 49
1660 12
3339 13
640 52
3019 10
1171 58
3016 17
2949 29
3238 47
1565 53
1939 63
3728 38
3866 20
2214 6
3799 62
4040 33
1644 3
3488 48
2236 35
2261 18
3727 47
3455 61
1709 31
3025 48
2228 19
100 10
596 55
3167 31
308 51
1229 8
1611 7
1432 34
2861 33
3193 43
1272 49
2532 38
2821 29
1532 19
133 32
2373 54
3973 48
2498 54
1743 56
2743 8
749 46
3979 10
