0.425049
0.519531
0.337891
0.235229
0.596191
0.191772
0.544434
0.458740
0.294434
0.380859
0.145996
0.904297
0.812500
0.470703
0.897461
0.035706
0.831055
0.041504
0.561523
0.147827
0.741699
0.489258
0.732422
0.971680
0.723145
0.142822
0.708496
0.746582
0.008774
0.625977
0.683594
0.529297
0.977539
0.498779
0.577148
0.268799
0.604492
0.520996
0.089844
0.035706
0.171875
0.083130
0.434814
0.831543
0.330078
0.509277
0.676270
0.979492
0.507324
0.017075
0.810059
0.607422
0.107666
0.557129
0.657715
0.002401
0.130615
0.618652
0.083130
0.088867
0.531250
0.163452
0.058929
0.716309
