0.980957
0.821289
0.645996
0.423584
0.202271
0.491943
0.138550
0.452637
0.113708
0.002924
0.523438
0.189941
0.141724
0.335938
0.583496
0.955566
0.985840
0.156982
0.647461
0.491699
0.818848
0.681641
0.692871
0.183960
0.887207
0.564941
0.669434
0.028122
0.439941
0.914551
0.198364
0.956543
0.242554
0.637207
0.307373
0.665527
0.353027
0.975586
0.327637
0.776855
0.721680
0.697754
0.382568
0.906250
0.322510
0.078369
0.699219
0.817871
0.122559
0.121033
0.339844
0.120728
0.805176
0.121155
0.721191
0.083191
0.147217
0.368652
0.132690
0.848633
0.958984
0.047028
0.290039
0.959473
